0.006155403515657408 0.012419106763230353 0.0005674944148301792 -0.0029567061501813924 -0.048909197580882906 -0.0010276244487918429 0.0
0.011779652588258508 0.024142813312191883 0.0017256811089861428 -0.006303189904961998 -0.09540829983325941 -0.0022278368639325353 0.0
0.01684810025724974 0.035241997793579234 0.0034870871251860237 -0.010085347963944613 -0.13979417511483938 -0.003613318088063335 0.0
0.021336780776722297 0.045765978110431135 0.00586955390590938 -0.014345451570986496 -0.1822809705670915 -0.005196243354008648 0.0
0.025224042393351485 0.055747326312669016 0.00889325522497834 -0.019121768002326914 -0.22301902560002798 -0.006987848941571735 0.0
0.028492536938992695 0.06520521519872387 0.012577809820762198 -0.024447356129160828 -0.2621075938147094 -0.008997797094764132 0.0
0.03113154671410952 0.07414802520886887 0.016939272865670537 -0.030348208669361342 -0.29960423174718037 -0.011233362452809446 0.0
0.033139522571101004 0.08257568047933658 0.021986983202311346 -0.03684094104870475 -0.33553269869054736 -0.013698493031580876 0.0
0.03452657474653155 0.09048201480770815 0.02772042819977081 -0.0439303220889342 -0.3698906001909712 -0.01639284427309669 0.0
0.03531652589384849 0.09785732068685811 0.034126464395253873 -0.05160706304258293 -0.4026575136303078 -0.019310934730278402 0.0
0.035548055196552075 0.10469107765027061 0.0411773597711849 -0.05984636979550648 -0.43380381985850164 -0.022441606589001586 0.0
0.03527449694951901 0.11097469532776892 0.048830139006513854 -0.06860774751301706 -0.4632999127914108 -0.02576796818537633 0.0
0.0345620487579352 0.11670397859639853 0.057027564031292444 -0.07783637515827799 -0.49112496598674954 -0.029267930463799587 0.0
0.033486472671339765 0.12188097788503162 0.06570077389640035 -0.08746604794567994 -0.5172741688174635 -0.032915329345242335 0.0
0.032128736543899056 0.1265149593413593 0.07477322945933168 -0.09742331061816607 -0.5417634424705601 -0.036681486427484165 0.0
0.03057029970924993 0.13062240107435544 0.0841653047901099 -0.10763211661611123 -0.5646311049046416 -0.04053695505783141 0.0
0.02888879069470471 0.13422612733086878 0.09379876211660627 -0.11801826402165584 -0.5859365988155024 -0.044453170487061544 0.0
0.02715465037895798 0.13735385140108924 0.10360046938311133 -0.1285129983089865 -0.6057569677968853 -0.04840377781206856 0.0
0.02542901490335936 0.14003645940929066 0.11350499296339096 -0.13905545222955543 -0.6241820657924125 -0.052365518093829055 0.0
0.023762815779904602 0.1423063313872387 0.12345599829038245 -0.1495938897269304 -0.6413094703098603 -0.05631866440323715 0.0
0.022196870933673306 0.14419590174663544 0.13340661778355412 -0.16008593715487554 -0.6572398336386422 -0.06024707980988789 0.0
0.020762655865515536 0.1457365553257161 0.14331905922434096 -0.17049808709972955 -0.6720730911592087 -0.06413800631351517 0.0
0.01948345442687101 0.14695787001161403 0.15316374287318266 -0.18080476561900344 -0.6859056653515685 -0.0679816945865085 0.0
0.018375650854336588 0.1478871644208544 0.16291821064565684 -0.19098720263097735 -0.6988286118658836 -0.07177096438491422 0.0
0.017450001194299576 0.14854928627040362 0.17256598305785226 -0.20103227477731916 -0.7109265533525786 -0.07550075858916688 0.0
0.0167127904187707 0.14896657460277357 0.18209547420224706 -0.21093142412074636 -0.7222772153206631 -0.07916772890750418 0.0
0.016166832431043453 0.14915893749526055 0.19149902318714318 -0.22067970498568124 -0.732951388453259 -0.08276987211806065 0.0
0.015812303406658786 0.1491439993732846 0.20077206463704922 -0.23027497668433614 -0.7430131711817402 -0.08630622285033962 0.0
0.01564741797416054 0.14893728451806587 0.20991243880041122 -0.23971723912958418 -0.7525203805030274 -0.08977660124783841 0.0
0.01566896689923732 0.14855241394340965 0.21891982990789718 -0.2490080975607995 -0.7615250504658904 -0.09318140993549462 0.0
0.0158727379084344 0.14800130099169925 0.22779531620817348 -0.258150338275835 -0.7700739634403635 -0.09652147319158845 0.0
0.01625384078679242 0.14729433691355134 0.23654101390620835 -0.26714759669456944 -0.7782091787773978 -0.09979791109656168 0.0
0.016806955692157465 0.14644056175968262 0.24515979818482772 -0.27600410047879137 -0.7859685374883906 -0.10301204201865487 0.0
0.01752652081968118 0.14544781858138414 0.2536550864413565 -0.28472447267124557 -0.7933861312403621 -0.10616530768177392 0.0
0.018406872710224356 0.14432289060432654 0.2620306711356205 -0.29331358225607124 -0.8004927303673205 -0.10925921600965195 0.0
0.019442349914780475 0.14307162202316365 0.27029059184704374 -0.3017764318555463 -0.8073161696746439 -0.11229529782942013 0.0
0.020627368511614626 0.14169902359273234 0.27843903812304144 -0.3101180743084204 -0.8138816932784536 -0.11527507429627208 0.0
0.021956476141580025 0.14020936443119103 0.286480276388555 -0.31834355159040173 -0.8202122611073781 -0.11820003255316727 0.0
0.02342438974840351 0.13860625150860695 0.29441859558823397 -0.32645785094023866 -0.8263288203769709 -0.1210716076721534 0.0
0.02502602103647478 0.1368926982513588 0.3022582673704421 -0.3344658741838339 -0.8322505455859838 -0.12389116935094126 0.0
0.026756492736938333 0.13507118359052064 0.310003517531187 -0.34237241714444805 -0.8379950505552546 -0.12666001217576386 0.0
0.028611148055003373 0.1331437026558896 0.317658506158561 -0.35018215673213443 -0.8435785758481572 -0.12937934852585012 0.0
0.030585555115861463 0.1311118101813976 0.3252273144859468 -0.3578996438560893 -0.8490161546520508 -0.13205030339992568 0.0
0.032675507798342315 0.1289766575565413 0.3327139369071734 -0.3655293007329466 -0.8543217599096483 -0.13467391060477144 0.0
0.03487702401600304 0.1267390243335931 0.34012227695661645 -0.3730754214968157 -0.8595084351957311 -0.137251109867076 0.0
0.03718634225387452 0.12439934488934991 0.34745614632715655 -0.3805421752742692 -0.8645884115547281 -0.1397827445235927 0.0
0.0395999169753861 0.12195773083953922 0.3547192662131866 -0.38793361108874064 -0.8695732122572204 -0.1422695595150999 0.0
0.042114413367763955 0.11941398971623403 0.36191527042933064 -0.3952536641122218 -0.8744737472035795 -0.144712199462702 0.0
0.044726701781846435 0.11676764034211976 0.369047709886602 -0.40250616290299135 -0.879300398498276 -0.14711120664450644 0.0
0.04743385213793886 0.11401792526878231 0.37612005810772914 -0.4096948373608827 -0.8840630985436849 -0.14946701871839085 0.0
0.05023312850592083 0.11116382058901605 0.3831357175429799 -0.4168233272036636 -0.8887714018496141 -0.15177996605663027 0.0
0.05312198401956825 0.10820404338378686 0.3900980265106574 -0.4238951908257085 -0.8934345516285963 -0.15405026857001383 0.0
0.05609805625134076 0.1051370570213665 0.3970102666353432 -0.43091391444315646 -0.898061542140513 -0.1562780319053193 0.0
0.059159163148112884 0.10196107449068581 0.4038756706964263 -0.4378829214658767 -0.9026611776636142 -0.15846324290156516 0.0
0.06230329961128342 0.09867405991882172 0.4106974308318761 -0.44480558206395426 -0.9072421289009169 -0.16060576418652966 0.0
0.06552863479443967 0.09527372839622246 0.4174787070665162 -0.45168522291938673 -0.9118129875797387 -0.16270532778739447 0.0
0.06883351018493725 0.0917575442103456 0.4242226361573979 -0.45852513717228727 -0.9163823199649485 -0.16476152761749124 0.0
0.07221643853508931 0.08812271756979997 0.4309323407656251 -0.46532859458728004 -0.9209587199866687 -0.16677381068462097 0.0
0.07567610371048021 0.08436619988427882 0.43761093898086567 -0.4720988519791727 -0.9255508626756918 -0.1687414668447201 0.0
0.07921136152857138 0.08048467765431049 0.4442615542391259 -0.4788391639509247 -0.9301675586087897 -0.17066361689992002 0.0
0.08282124166989996 0.07647456501429374 0.45088732568780027 -0.485552794007757 -0.9348178100885123 -0.17253919880553406 0.0
0.08650495075593706 0.07233199496653162 0.45749141906637375 -0.4922430261254876 -0.9395108698222752 -0.17436695171328892 0.0
0.0902618767035456 0.06805280934159096 0.46407703818387513 -0.49891317686245484 -0.9442563029219148 -0.17614539752924488 0.0
0.09409159448516831 0.06363254752187751 0.47064743708993756 -0.5055666081190443 -0.9490640531217871 -0.17787281960829818 0.0
0.0979938734474045 0.059066433970999845 0.47720593305211323 -0.5122067406643195 -0.9539445142121077 -0.17954723813704637 0.0
0.10196868636935398 0.05434936462551369 0.48375592046968496 -0.5188370685663565 -0.9589086078091337 -0.18116638167321847 0.0
0.10601622047613517 0.04947589222389764 0.49030088587549986 -0.5254611746834732 -0.9639678687397849 -0.182727654207384 0.0
0.11013689066458841 0.04444021067794259 0.4968444242014743 -0.5320827473968532 -0.9691345395107461 -0.1842280969884471 0.0
0.11433135524806931 0.039236138633470696 0.5033902565100148 -0.5387055987931321 -0.9744216755676002 -0.18566434420190825 0.0
0.11860053458729133 0.03385710242343342 0.5099422494297573 -0.5453336845389092 -0.97984326334321 -0.18703257140298382 0.0
0.12294563304768223 0.028296118695164067 0.5165044365707787 -0.5519711257288724 -0.9854143534503481 -0.18832843537662922 0.0
0.1273681648124198 0.022545777097056692 0.5230810422455127 -0.558622233038094 -0.9911512118154965 -0.18954700380958106 0.0
0.13186998418990908 0.01659822354802497 0.5296765078794765 -0.5652915335677785 -0.9970714920974081 -0.19068267280398662 0.0
0.1364533211884584 0.01044514479836357 0.5362955215677598 -0.5719838008469775 -1.0031944334097442 -0.19172906981590288 0.0
0.14112082329744577 0.00407775523286621 0.5429430513244584 -0.5787040885436153 -1.009541088213897 -0.19267893903865216 0.0
0.14587560462123658 -0.0025132128105113984 0.5496243826846214 -0.5854577685508698 -1.0161345863084228 -0.19352400553700932 0.0
0.15072130377224308 -0.00933751350843295 0.5563451614609268 -0.5922505742610896 -1.0230004421854542 -0.19425481352605814 0.0
0.15566215225804964 -0.016405384546715536 0.5631114426428573 -0.599088650023495 -1.0301669147334123 -0.1948605330129066 0.0
0.16070305551717637 -0.02372753364186721 0.5699297466656578 -0.6059786080253906 -1.0376654304706334 -0.19532872749150296 0.0
0.16584968929738278 -0.03131511060715814 0.5768071245931443 -0.6129275941573737 -1.04553108435318 -0.19564507338074738 0.0
0.17110861477493555 -0.03917965968616541 0.5837512341897071 -0.6199433648547887 -1.0538032359701288 -0.1957930192382508 0.0
0.17648741674074098 -0.04733304515417847 0.5907704294416048 -0.6270343775026734 -1.0625262239613746 -0.19575336922553516 0.0
0.18199487042332219 -0.055787340906374494 0.5978738669122134 -0.6342098978203018 -1.0717502282994784 -0.19550377045361947 0.0
0.18764114421222633 -0.06455467171381195 0.6050716334907031 -0.6414801288304968 -1.0815323194572206 -0.19501807715617447 0.0
0.19343804789922261 -0.07364698977833362 0.6123749018110303 -0.6488563677542108 -1.0919377466772404 -0.1942655552361202 0.0
0.19939933939991494 -0.08307576479859756 0.6197961221897782 -0.6563511997654062 -1.1030415365330921 -0.19320987725628289 0.0
0.20554110779704693 -0.09285155847490748 0.6273492638660074 -0.6639787415227941 -1.1149305009590378 -0.19180783816724425 0.0
0.21188225787013848 -0.10298344451952424 0.6350501245189152 -0.6717549536482194 -1.1277057963602433 -0.1900076922742658 0.0
0.21844513263322507 -0.11347822174157789 0.6429167370377864 -0.6796980514245153 -1.1414862418005582 -0.1877469657009593 0.0
0.22525632865300294 -0.12433934898584866 0.650969919140814 -0.6878290597859494 -1.1564127116567124 -0.18494952438147128 0.0
0.23234778942690051 -0.13556550382293814 0.6592340399721792 -0.6961725875029403 -1.172654098510291 -0.18152155380284038 0.0
0.239758315333319 -0.14714862683389943 0.6677381285669124 -0.7047579467505829 -1.1904156577086213 -0.17734589116838753 0.0
0.24753572610012847 -0.15907124995112645 0.6765175431689471 -0.7136208393294392 -1.2099511235696385 -0.17227375657163452 0.0
0.25574009993048946 -0.17130279864843886 0.6856166036427013 -0.7228060159598377 -1.2315811049594054 -0.16611216774782758 0.0
0.2644489003767713 -0.1837943519406076 0.6950929681380729 -0.7323716979153654 -1.2557225656576574 -0.15860374953725623 0.0
0.2737656598711359 -0.19647090738349887 0.7050253797730296 -0.7423974036042001 -1.2829392873388985 -0.14939213305804605 0.0
0.2838359786063119 -0.2092191473089061 0.7155284820042946 -0.7529989170777519 -1.3140356209743012 -0.13795746749342286 0.0
0.2948803576220384 -0.2218657783035648 0.7267841794605261 -0.764359973551436 -1.350250059768715 -0.12348224530777221 0.0
0.3072722087817436 -0.2341316997171351 0.7391182209031321 -0.7768096372748501 -1.393717177882207 -0.10452622273413859 0.0
0.3217685987574388 -0.24550369948172995 0.7532335080862282 -0.7910580452493088 -1.4488387705596688 -0.07803428121758385 0.0
0.3405142069119716 -0.25464764706209647 0.7712710866123086 -0.8092686103525135 -1.5282709313857903 -0.0347554229068918 0.0
0.3792220875351869 -0.24827139852951874 0.8117764685225098 -0.8501905493248757 -1.7260059524318445 0.11042695808570893 0.0
0.3756840308605294 -0.25670681948278967 0.8075916705903526 -0.8459573039200461 -1.667708774903674 0.07089201788801414 0.0
0.3660128292330616 -0.25304301426836445 0.7916065513801508 -0.8297752433666693 -1.573710997485027 0.009381363132177016 0.0
0.3570957577000922 0.20942988941361862 0.586370632678373 -0.6216003520984602 -1.5127552177455625 -0.10371169176686051 0.0
0.3610177437780484 0.20177027723786833 0.5945271245898707 -0.6298785337013281 -1.5148987196125794 -0.10569450062980007 0.0
0.36499116186539965 0.1934830851672126 0.6029079372934111 -0.6383835115789931 -1.517093308809486 -0.10749737743381572 0.0
0.3690194923603067 0.18447441669952164 0.6115583776210427 -0.6471612940334829 -1.5193578764262121 -0.10908151855876524 0.0
0.37310746233675746 0.17462722712315462 0.620535773189967 -0.6562700823040465 -1.5217159126805635 -0.11039478257595335 0.0
0.37726153468397744 0.16379285246346234 0.6299142737373675 -0.6657851412351701 -1.524197361587629 -0.11136549458306508 0.0
0.38149066944828125 0.15177817418078451 0.6397923289537555 -0.6758063848635557 -1.526841497691258 -0.11189235782320232 0.0
0.3858075612544308 0.13832535846626096 0.6503048724384736 -0.6864707356087164 -1.529701593377878 -0.11182720811792496 0.0
0.39023076075719987 0.12307823463149334 0.6616443090552568 -0.6979734129345179 -1.532852921757309 -0.11094370458064795 0.0
0.3947885655295539 0.1055229085999577 0.6740993017091472 -0.7106072760005399 -1.5364074715760967 -0.10887596714446937 0.0
0.39952681349955216 0.08487413303516182 0.6881333648956816 -0.7248425415713592 -1.5405435906361935 -0.10498555562133594 0.0
0.40452648914606754 0.059833649902716377 0.7045655185233937 -0.7415100175059113 -1.5455736567013234 -0.09802991012067407 0.0
0.4099511187844558 0.027996960926863178 0.7250697068576087 -0.762307638988007 -1.552129562008937 -0.08514461186934247 0.0
0.4162159448454903 -0.015892622007739547 0.7540384253069706 -0.7916905930413967 -1.5618464839558661 -0.05739707052084159 0.0
0.4249730060020142 -0.08145643430529373 0.8106665803820151 -0.8491262680548329 -1.5816532428089236 0.043001441050564554 0.0
0.4251064485613928 0.027173601364470015 0.7531356964888607 -0.7907721501736689 -1.5581808583003935 -0.030384942749450694 0.0
0.4331070796336598 -0.0653673414421386 0.8000499340696836 -0.8383509574833922 -1.5783072197307404 -0.00575593351767548 0.0
0.4336522675723065 0.06799860955314352 0.7618519710838597 -0.7995989505238574 -1.5628364831405355 0.027808930500717182 0.0
0.4391007892161833 0.004844852776807004 0.7826407467114516 -0.820671424305057 -1.5681485510508837 -0.0046432355623410825 0.0
0.4918985765641861 0.7389537563195578 0.6704975634300885 -0.7066610527970576 -1.8855129548489042 0.6080387319239415 0.0
0.49587867468083474 0.743608991201877 0.6741747323408738 -0.7103856181379571 -1.8856272331499293 0.6069254049185846 0.0
0.4998714308477395 0.7483288322266389 0.6778020518247243 -0.7140588620646893 -1.8857620501689607 0.6059332227919442 0.0
0.5038760735170564 0.7531139726560927 0.6813800874847038 -0.7176813924562274 -1.8859189788226665 0.6050627798973746 0.0
0.5078918403782211 0.7579650255143685 0.6849094097448771 -0.7212538205697387 -1.886099561719884 0.6043147105450681 0.0
0.5119179777601348 0.7628825207964787 0.6883905940897848 -0.7247767613655811 -1.8863053092921254 0.6036896821348239 0.0
0.5159537400614622 0.7678669027176205 0.6918242212285363 -0.7282508337501726 -1.8865376977407233 0.6031883882393272 0.0
0.5199983892112555 0.7729185270340685 0.69521087717547 -0.7316766607289635 -1.8867981668158065 0.6028115416437841 0.0
0.5240511941625037 0.7780376584685122 0.6985511532401909 -0.7350548694627447 -1.887088117444406 0.6025598673517 0.0
0.528111430420633 0.7832244682723587 0.7018456459208002 -0.7383860912210591 -1.8874089092261288 0.6024340955698544 0.0
0.5321783796095212 0.7884790319579211 0.7050949566948784 -0.7416709612277158 -1.8877618578168516 0.6024349546891149 0.0
0.5362513290768935 0.7938013272330771 0.7082996917039441 -0.744910118394508 -1.888148232222262 0.6025631642813098 0.0
0.5403295715412763 0.7991912321700935 0.7114604613284856 -0.7481042049404079 -1.8885692520245108 0.6028194281347052 0.0
0.5444124047825222 0.8046485236396627 0.7145778796517892 -0.7512538658942769 -1.8890260845666906 0.6032044273546378 0.0
0.5484991313776368 0.8101728760395758 0.7176525638117262 -0.7543597484812012 -1.889519842121118 0.6037188135577285 0.0
0.5525890584835215 0.8157638603453436 0.7206851332418753 -0.7574225013934871 -1.8900515790680816 0.6043632021904551 0.0
0.5566814976682374 0.8214209435081704 0.7236762088037989 -0.7604427739488765 -1.8906222891128435 0.6051381660048567 0.0
0.5607757647918643 0.8271434882229054 0.7266264118146544 -0.76342121513992 -1.891232902568891 0.6060442287258829 0.0
0.5648711799380672 0.8329307530853234 0.7295363629750444 -0.7663584725801293 -1.8918842837357381 0.6070818589451317 0.0
0.5689670673969504 0.8387818931546015 0.7324066812042541 -0.7692551913538526 -1.892577228399067 0.6082514642762851 0.0
0.5730627556996896 0.8446959609335882 0.7352379823902055 -0.7721120127782315 -1.8933124614813706 0.6095533858084262 0.0
0.5771575777049078 0.8506719077746888 0.7380308780643561 -0.7749295730868848 -1.8940906348690647 0.6109878928910469 0.0
0.5812508707365438 0.8567085857154567 0.7407859740117421 -0.7777085020463705 -1.8949123254422504 0.6125551782846356 0.0
0.5853419767724349 0.8628047497432393 0.743503868827988 -0.7804494215174609 -1.895778033330254 0.6142553537080819 0.0
0.589430242682602 0.8689590604839804 0.7461851524360917 -0.7831529439744405 -1.8966881804156095 0.6160884458122805 0.0
0.5935150205155715 0.875170087305438 0.7488304045768202 -0.7858196709960431 -1.8976431091054495 0.6180543926057092 0.0
0.5975956678310044 0.8814363118209245 0.7514401932862398 -0.7884501917429243 -1.89864308138776 0.6201530403550585 0.0
0.6016715480761295 0.887756131775388 0.7540150733758731 -0.7910450814361459 -1.8996882781866307 0.622384140979946 0.0
0.6057420310033227 0.8941278652909908 0.7565555849296569 -0.7936048998522873 -1.9007787990274265 0.6247473499558295 0.0
0.6098064931257164 0.9005497554466696 0.7590622518326922 -0.7961301898499947 -1.9019146620201157 0.6272422247361877 0.0
0.6138643182072987 0.9070199751616413 0.7615355803465389 -0.7986214759429819 -1.9030958041650161 0.6298682236989163 0.0
0.6179148977837459 0.9135366323503831 0.7639760577452348 -0.8010792629337823 -1.9043220819820474 0.6326247056178372 0.0
0.6219576317099078 0.9200977753143647 0.7663841510249539 -0.8035040346221568 -1.9055932724616027 0.6355109296559176 0.0
0.6259919287294783 0.9267013983328434 0.7687603057008874 -0.8058962526009702 -1.9069090743305848 0.6385260558700526 0.0
0.630017207062456 0.9333454474148288 0.7711049447019409 -0.8082563551512606 -1.9082691096255031 0.6416691462153112 0.0
0.6340328950055496 0.9400278261720451 0.7734184673744129 -0.8105847562469953 -1.9096729255598994 0.6449391660297684 0.0
0.6380384315407981 0.9467464017739391 0.7757012486031902 -0.8128818446790593 -1.9111199966716894 0.6483349859788139 0.0
0.6420332669475046 0.9534990109441112 0.7779536380582566 -0.8151479833059398 -1.9126097272326024 0.6518553844324579 0.0
0.6460168634127202 0.9602834659598479 0.7801759595726293 -0.8173835084371088 -1.914141453899935 0.6554990502470369 0.0
0.6499886956353432 0.9670975606164741 0.7823685106561334 -0.819588729354298 -1.915714448588804 0.6592645859193367 0.0
0.6539482514193412 0.9739390761206793 0.7845315621478987 -0.8217639279729776 -1.9173279215415522 0.6631505110789829 0.0
0.6578950322515159 0.980805786878332 0.7866653580089994 -0.8239093586456309 -1.9189810245692964 0.6671552662826687 0.0
0.6618285538595464 0.9876954661447647 0.7887701152548192 -0.8260252481068188 -1.9206728544402027 0.6712772170732906 0.0
0.6657483467463274 0.9946058915089105 0.7908460240257005 -0.8281117955576629 -1.922402456388233 0.6755146582655017 0.0
0.6696539566968142 1.001534850184083 0.7928932477922793 -0.8301691728873134 -1.9241688277159963 0.6798658184193436 0.0
0.673544945254069 1.0084801440825064 0.7949119236915025 -0.8321975250262503 -1.9259709214654697 0.6843288644635073 0.0
0.6774208901614134 1.0154395946532044 0.7969021629874758 -0.8341969704259408 -1.9278076501309773 0.6889019064307954 0.0
0.6812813857680333 1.0224110474660761 0.7988640516504564 -0.8361676016581374 -1.9296778893893312 0.6935830022692429 0.0
0.6851260433958132 1.0293923765281925 0.8007976510463781 -0.838109486125906 -1.9315804818234563 0.6983701626936867 0.0
0.6889544916654251 1.0363814883213052 0.8027029987286953 -0.8400226668781032 -1.9335142406165635 0.7032613560442794 0.0
0.6927663767803413 1.0433763255530106 0.8045801093232879 -0.841907163517884 -1.9354779531961095 0.7082545131212029 0.0
0.6965613627675666 1.0503748706160703 0.8064289754972146 -0.8437629731959889 -1.9374703848075998 0.7133475319656472 0.0
0.7003391316744426 1.0573751487537586 0.8082495690017292 -0.845590071678516 -1.939490282000546 0.7185382825611175 0.0
0.7040993837212458 1.0643752309313432 0.8100418417789779 -0.8473884144795133 -1.941536376010743 0.7238246114304293 0.0
0.7078418374096151 1.0713732364160573 0.8118057271229573 -0.8491579380479771 -1.9436073860247312 0.7292043461072735 0.0
0.7115662295871457 1.0783673350697869 0.8135411408848767 -0.8508985609990016 -1.9457020223137758 0.7346752994625871 0.0
0.7152723154688697 1.0853557493611492 0.8152479827126871 -0.85261018537988 -1.9478189892279705 0.740235273870496 0.0
0.7189598686167006 1.0923367561044155 0.8169261373158154 -0.8542926979607489 -1.9499569880410135 0.7458820651989116 0.0
0.722628680877963 1.0993086879346605 0.8185754757458117 -0.8559459715412407 -1.9521147196397326 0.7516134666141926 0.0
0.7262785622845678 1.1062699345293743 0.8201958566843476 -0.8575698662639821 -1.9542908870531428 0.7574272721906418 0.0
0.7299093409145264 1.113218943587867 0.821787127730375 -0.859164230926878 -1.956484197817723 0.7633212803176426 0.0
0.7335208627176789 1.120154221580209 0.8233491266792042 -0.8607289042865224 -1.9586933661773618 0.7692932969006182 0.0
0.7371129913075877 1.12707433427846 0.8248816827859141 -0.8622637163455058 -1.9609171151174645 0.7753411383522052 0.0
0.7406856077218755 1.1339779070827907 0.8263846180073278 -0.8637684896173724 -1.9631541782344066 0.7814626343732601 0.0
0.7442386101530852 1.140863625155523 0.8278577482164907 -0.8652430403633886 -1.9654033014423116 0.7876556305239413 0.0
0.7477719136524692 1.1477302333762445 0.8293008843846423 -0.8666871797956281 -1.9676632445204454 0.7939179905869855 0.0
0.7512854498089597 1.1545765361309186 0.8307138337262052 -0.8681007152424561 -1.9699327825054873 0.8002475987266522 0.0
0.7547791664057836 1.1614013969478298 0.8320964008029643 -0.8694834512717945 -1.9722107069333956 0.8066423614474142 0.0
0.7582530270569777 1.1682037379928476 0.8334483885841072 -0.8708351907695978 -1.9744958269367698 0.8131002093581402 0.0
0.7617070108262027 1.174982539436072 0.8347695994596113 -0.8721557359702907 -1.976786970203468 0.8196190987472461 0.0
0.7651411118301525 1.1817368387022025 0.8360598362045454 -0.8734448894372698 -1.979082983803914 0.8261970129765464 0.0
0.7685553388286742 1.1884657296149304 0.8373189028931037 -0.8747024549919078 -1.9813827348931266 0.8328319637000803 0.0
0.7719497148040517 1.1951683614472544 0.8385466057609128 -0.8759282385898371 -1.9836851112956493 0.8395219919164456 0.0
0.7753242765312446 1.2018439378872812 0.839742754015144 -0.8771220491437811 -1.985989021980126 0.8462651688623757 0.0
0.7786790741412547 1.2084917159294992 0.840907160591963 -0.8782836992930548 -1.9882933974317356 0.8530595967554448 0.0
0.7820141706794982 1.2151110047006612 0.8420396428618917 -0.8794130061194306 -1.9905971899294863 0.8599034093950924 0.0
0.7853296416609199 1.2217011642288174 0.8431400232830548 -0.88050979181027 -1.992899373735906 0.8667947726290423 0.0
0.7886255746237212 1.2282616041640204 0.8442081300032745 -0.8815738842693108 -1.9951989452074366 0.8737318846950589 0.0
0.7919020686830044 1.234791782457343 0.8452437974122893 -0.8826051176767853 -1.9974949228315435 0.8807129764448517 0.0
0.7951592340860297 1.241291204006195 0.8462468666450516 -0.8836033329994855 -1.9997863471986246 0.8877363114591897 0.0
0.7983971917702938 1.247759419271514 0.847217186037755 -0.8845683784529447 -2.002072280915304 0.8948001860617917 0.0
0.8016160729258209 1.2541960228737281 0.8481546115380869 -0.885500109916878 -2.0043518084655765 0.901902929240143 0.0
0.8048160185623964 1.2606006521717987 0.849059007071886 -0.8863983913062532 -2.0066240360263525 0.9090429024798854 0.0
0.8079971790832657 1.2669729858315988 0.8499302448676442 -0.8872630948993648 -2.008888091243431 0.9162184995210751 0.0
0.8111597138657698 1.2733127423873103 0.850768205740995 -0.888094101625738 -2.0111431229738783 0.9234281460428608 0.0
0.8143037908498635 1.2796196788007257 0.8515727793414858 -0.8888913013146807 -2.0133883009996953 0.930670299283059 0.0
0.8174295861350345 1.2858935890214311 0.8523438643633614 -0.8896545929083051 -2.015622815718507 0.9379434475993883 0.0
0.8205372835864894 1.2921343025521852 0.8530813687226809 -0.8903838846396531 -2.0178458778156863 0.945246109978384 0.0
0.8236270744505962 1.298341683021944 0.853785209702909 -0.8910790941790658 -2.020056717922724 0.9525768354982113 0.0
0.8266991569805067 1.3045156267697935 0.8544553140707245 -0.8917401487503265 -2.0222545862656496 0.959934202750148 0.0
0.8297537360717049 1.3106560614417069 0.8550916181649032 -0.8923669852191166 -2.024438752307208 0.9673168192244372 0.0
0.8327910229080706 1.3167629446029352 0.8556940679592234 -0.8929595501557297 -2.026608504387033 0.9747233206658976 0.0
0.835811234618381 1.3228362623676957 0.8562626191023393 -0.8935177998738076 -2.028763149362339 0.9821523704035654 0.0
0.838814593943381 1.3288760280478868 0.8567972369359192 -0.8940417004474628 -2.030902012252235 0.9896026586587288 0.0
0.8418013289132927 1.3348822808222458 0.8572978964933369 -0.8945312277084785 -2.033024435888213 0.9970729018357098 0.0
0.8447716725358363 1.3408550844277005 0.8577645824801748 -0.894986367225189 -2.03512978057344 1.004561841799686 0.0
0.8477258624945347 1.3467945258736438 0.8581972892387574 -0.8954071142650913 -2.037217423752778 1.0120682451449676 0.0
0.8506641408571293 1.3527007141802445 0.8585960206979237 -0.8957934737426954 -2.03928675969517 1.0195909024569614 0.0
0.8535867537938427 1.3585737791415478 0.8589607903098148 -0.8961454601541726 -2.0413371991900857 1.0271286275716762 0.0
0.8564939513052305 1.364413870114358 0.8592916209749434 -0.8964630975001382 -2.043368169259682 1.0346802568356543 0.0
0.8593859869594792 1.370221154833338 0.8595885449567988 -0.8967464191979463 -2.045379112887327 1.0422446483689696 0.0
0.8622631176383961 1.375995818252345 0.8598516037876824 -0.896995467985125 -2.047369488763663 1.0498206813342448 0.0
0.8651256032922611 1.381738061413341 0.8600808481662301 -0.8972102958144743 -2.049338771050984 1.0574072552142515 0.0
0.8679737067026844 1.3874481003422645 0.8602763378482482 -0.8973909637424808 -2.051286449166329 1.0650032891002448 0.0
0.870807693253426 1.393126164972772 0.8604381415314826 -0.8975375418115837 -2.053212027583678 1.0726077209933575 0.0
0.8736278307084361 1.3987724980972887 0.8605663367354761 -0.8976501089278048 -2.055115025655473 1.0802195071210112 0.0
0.8764343889970384 1.40438735434635 0.8606610096770364 -0.8977287527334985 -2.0569949774534693 1.087837621270429 0.0
0.8792276400054991 1.4099709991953646 0.8607222551421799 -0.8977735694772973 -2.058851431628892 1.095461054140565 0.0
0.8820078573748195 1.4155237079996101 0.8607501763551244 -0.8977846638805405 -2.060683951291491 1.1030888127144445 0.0
0.8847753163041026 1.4210457650568553 0.8607448848449398 -0.8977621490018274 -2.0624921139072376 1.110719919653393 0.0
0.8875302933592413 1.426537462697832 0.8607065003101838 -0.8977061460994307 -2.064275511214154 1.118353412714056 0.0
0.8902730662864364 1.4319991004043957 0.8606351504820563 -0.8976167844924577 -2.0660337491555962 1.1259883441898824 0.0
0.8930039138301423 1.4374309839552573 0.8605309709864644 -0.8974942014207921 -2.0677664478303224 1.1336237803779061 0.0
0.8957231155550287 1.4428334245991419 0.8603941052050492 -0.8973385419043088 -2.069473241458629 1.141258801072056 0.0
0.898430951671629 1.4482067382552468 0.8602247041356823 -0.8971499586014056 -2.0711537783633363 1.1488924990833351 0.0
0.9011277028653774 1.4535512447410526 0.8600229262521287 -0.8969286116671392 -2.0728077209651388 1.1565239797880769 0.0
0.9038136501284783 1.4588672670268055 0.859788937363667 -0.8966746686111124 -2.0744347457908607 1.164152360704882 0.0
0.906489074594556 1.464155130517051 0.8595229104741339 -0.8963883041549547 -2.0760345434936176 1.171776771100383 0.0
0.9091542573755702 1.4694151623587046 0.8592250256407566 -0.8960697000897434 -2.0776068188837096 1.1793963516243746 0.0
0.9118094794009985 1.474647690775735 0.8588954698325076 -0.8957190451330944 -2.0791512909692442 1.1870102539750902 0.0
0.9144550212586765 1.4798530444300835 0.8585344367883037 -0.8953365347858746 -2.0806676930047656 1.1946176405938673 0.0
0.9170911630373896 1.4850315518086505 0.8581421268745008 -0.894922371188796 -2.0821557725469906 1.202217684390214 0.0
0.9197181841710238 1.4901835406364383 0.8577187469419665 -0.8944767629782558 -2.08361529151614 1.2098095684966943 0.0
0.9223363632837374 1.4953093373150486 0.8572645101826236 -0.8939999251419642 -2.085046026261392 1.217392486053346 0.0
0.9249459780366796 1.5004092663873851 0.8567796359848395 -0.8934920788733498 -2.086447767629445 1.2249656400220257 0.0
0.9275473049754296 1.505483650027019 0.856264349788302 -0.8929534514256464 -2.08782032103436 1.232528243029866 0.0
0.9301406193787003 1.5105328075533673 0.8557188829375151 -0.8923842759645931 -2.089163506527603 1.2400795172412686 0.0
0.9327261951078747 1.5155570549716169 0.8551434725340659 -0.8917847914199717 -2.090477158866908 1.2476186942586747 0.0
0.9353043044575052 1.5205567045375032 0.8545383612875175 -0.8911552423359782 -2.091761127582365 1.2551450150503483 0.0
0.937875218006783 1.5255320643465746 0.8539037973648544 -0.8904958787199143 -2.093015277038563 1.2626577299052488 0.0
0.9404392044720222 1.53048343794809 0.8532400342379189 -0.8898069558892913 -2.0942394864914995 1.2701560984140416 0.0
0.9429965305602171 1.5354111239829242 0.852547330529258 -0.8890887343169863 -2.095433650138864 1.2776393894751163 0.0
0.9455474608236858 1.5403154158453976 0.8518259498557588 -0.8883414794746175 -2.0965976771624204 1.2851068813247863 0.0
0.9480922575160989 1.5451966013689769 0.8510761606701844 -0.8875654616735378 -2.097731491761525 1.2925578615906173 0.0
0.950631180449836 1.5500549625349944 0.8502982361006892 -0.8867609559040155 -2.0988350331762184 1.2999916273663596 0.0
0.9531644868549497 1.5548907752050714 0.8494924537875588 -0.885928241671675 -2.09990825569935 1.3074074853081745 0.0
0.955692431239867 1.5597043088758016 0.8486590957180373 -0.8850676028319177 -2.1009511286760483 1.314804751749585 0.0
0.9582152652539662 1.564495826456328 0.8477984480584194 -0.8841793274217127 -2.101963636490229 1.3221827528349943 0.0
0.9607332375524943 1.5692655840681842 0.8469108009835394 -0.8832637074888845 -2.1029457785369123 1.3295408246697844 0.0
0.9632465936635894 1.5740138308665068 0.845996448504243 -0.8823210389190534 -2.1038975691794213 1.3368783134853877 0.0
0.9657555758581058 1.5787408088831565 0.8450556882918421 -0.8813516212600674 -2.1048190376911218 1.3441945758184697 0.0
0.96826042302218 1.583446752890628 0.8440888215005242 -0.8803557575439017 -2.105710228180801 1.3514889787022717 0.0
0.9707613705330084 1.5881318902867059 0.8430961525871598 -0.8793337541062692 -2.106571199501179 1.358760899868291 0.0
0.9732586501378513 1.5927964409991855 0.8420779891289508 -0.8782859204039526 -2.1074020251401744 1.3660097279576555 0.0
0.9757524898366221 1.5974406174102493 0.8410346416389497 -0.8772125688299471 -2.108202793094471 1.373234862739662 0.0
0.9782431137685051 1.6020646243002388 0.8399664233793083 -0.8761140145264177 -2.108973605725271 1.3804357153365292 0.0
0.9807307421024715 1.6066686588095789 0.8388736501730529 -0.8749905751961042 -2.109714579595814 1.3876117084523782 0.0
0.9832155909323205 1.6112529104194744 0.8377566402136993 -0.8738425709115372 -2.1104258452909033 1.3947622766052243 0.0
0.9856978721762574 1.615817560949429 0.8366157138738088 -0.8726703239232314 -2.1111075472182215 1.401886866360144 0.0
0.9881777934812097 1.6203627845721373 0.8354511935119616 -0.8714741584662542 -2.1117598433916416 1.4089849365624594 0.0
0.9906555581324238 1.6248887478444523 0.8342634032788872 -0.8702544005657712 -2.1123829051967813 1.4160559585691408 0.0
0.9931313649681227 1.629395609754073 0.8330526689226527 -0.8690113778419691 -2.112976917139023 1.4230994164769413 0.0
0.9956054082997373 1.6338835217811445 0.831819317593475 -0.8677454193142186 -2.113542076574475 1.4301148073463126 0.0
0.9980778778377436 1.6383526279741505 0.8305636776482513 -0.8664568552051375 -2.114078593424225 1.4371016414191278 0.0
1.0005489586233591 1.6428030650395806 0.8292860784550251 -0.8651460167445182 -2.114586689872611 1.4440594423297304 0.0
1.003018830966145 1.6472349624440712 0.8279868501981573 -0.8638132359738377 -2.1150666000499467 1.4509877473071469 0.0
1.0054876703877336 1.651648442529148 0.8266663236837392 -0.8624588455511443 -2.1155185697005305 1.4578861073680869 0.0
1.0079556475717197 1.6560436206371243 0.8253248301462571 -0.8610831785570391 -2.115942855836705 1.464754087499391 0.0
1.010422928319962 1.6604206052478243 0.8239627010564432 -0.8596865683018973 -2.11633972637968 1.4715912668286837 0.0
1.012889673515043 1.664779498125133 0.8225802679307619 -0.8582693481346687 -2.116709459788102 1.4783972387829296 0.0
1.015356039089359 1.6691203944728348 0.821177862142817 -0.8568318512535259 -2.1170523446752356 1.4851716112332092 0.0
1.0178221760004063 1.673443383098849 0.8197558147369518 -0.8553744105187799 -2.117368679415806 1.4919140066257233 0.0
1.020288230212663 1.6777485465871824 0.8183144562443861 -0.8538973582683106 -2.117658771743343 1.498624062098113 0.0
1.0227543426858097 1.682035961476822 0.8168541165022409 -0.8524010261356884 -2.11792293833926 1.5053014295802907 0.0
1.0252206493693914 1.6863056984468894 0.8153751244756003 -0.8508857448715592 -2.118161504414539 1.5119457758795305 0.0
1.0276872812037126 1.6905578225072806 0.8138778080830231 -0.8493518441682651 -2.118374803285246 1.5185567827494528 0.0
1.0301543641270106 1.694792393194078 0.8123624940256241 -0.8477996524882127 -2.118563175942783 1.525134146942425 0.0
1.0326220190887279 1.6990094647690492 0.810829507620221 -0.8462294968960792 -2.118726970620171 1.5316775802453706 0.0
1.0350903620688805 1.703209086422696 0.8092791726364371 -0.8446417028951377 -2.118866542355184 1.5381868094984172 0.0
1.0375595041032208 1.707391302479855 0.8077118111383079 -0.8430365942680114 -2.118982252551706 1.544661576596981 0.0
1.0400295513141151 1.711556152607377 0.8061277433305412 -0.8414144929220029 -2.1190744685400476 1.551101638476599 0.0
1.0425006049471102 1.7157036720235306 0.8045272874093145 -0.8397757187391456 -2.119143563137535 1.5575067670811495 0.0
1.0449727614127169 1.7198338917080531 0.8029107594182449 -0.8381205894311782 -2.11918991421023 1.5638767493143109 0.0
1.0474461123334837 1.7239468386126218 0.8012784731092844 -0.8364494203996646 -2.1192139042367697 1.5702113869745447 0.0
1.0499207445960088 1.7280425358709666 0.7996307398089928 -0.8347625246014141 -2.1192159198753897 1.5765104966739922 0.0
1.0523967404077528 1.7321210030084324 0.7979678682900039 -0.8330602124190355 -2.1191963515349252 1.5827739097415965 0.0
1.0548741773582448 1.7361822561497802 0.7962901646482332 -0.8313427915372573 -2.1191555929507047 1.5890014721106485 0.0
1.0573531284848245 1.7402263082259322 0.7945979321851685 -0.8296105668244624 -2.119094040766219 1.595193044191785 0.0
1.0598336623421776 1.7442531691777658 0.7928914712962977 -0.8278638402201878 -2.1190120941212705 1.6013485007310488 0.0
1.06231584307594 1.7482628461580336 0.7911710793646317 -0.8261029106278901 -2.118910154247493 1.6074677306544747 0.0
1.064799730499551 1.7522553437295803 0.7894370506604093 -0.8243280738137927 -2.118788624071683 1.6135506368992192 0.0
1.067285380174801 1.7562306640609051 0.7876896762460771 -0.822539622311007 -2.1186479078278935 1.619597136231992 0.0
1.0697728434950444 1.7601888071173681 0.7859292438872595 -0.8207378453297897 -2.118488410678672 1.6256071590554098 0.0
1.072262167771554 1.7641297708489692 0.7841560379690895 -0.8189230286730774 -2.1183105383459857 1.631580649203189 0.0
1.0747533963221476 1.768053551373575 0.7823703394184568 -0.8170954546578945 -2.1181146967525195 1.6375175637243204 0.0
1.0772465685623045 1.7719601431556973 0.7805724256315827 -0.8152554020422946 -2.117901291673512 1.6434178726574613 0.0
1.0797417200981556 1.7758495391805047 0.7787625704073345 -0.813403145957847 -2.1176707283997636 1.6492815587959404 0.0
1.0822388828214375 1.7797217311230553 0.7769410438857534 -0.8115389578474846 -2.1174234114119836 1.655108617444258 0.0
1.0847380850059245 1.7835767095123765 0.7751081124920248 -0.8096631054088461 -2.1171597440668477 1.6608990561665578 0.0
1.087239351405164 1.7874144638902765 0.7732640388857949 -0.807775852542728 -2.116880128294985 1.6666528945282288 0.0
1.0897427033513416 1.7912349829648093 0.7714090819154144 -0.8058774593069326 -2.116584964311081 1.6723701638308903 0.0
1.0922481588550434 1.7950382547584858 0.769543496577405 -0.803968181874844 -2.1162746503362406 1.678050906841532 0.0
1.094755732705615 1.7988242667507237 0.767667533980617 -0.8020482724992427 -2.1159495823327563 1.6836951775169529 0.0
1.0972654365719374 1.8025930060147253 0.7657814413155247 -0.800117979480718 -2.1156101537512426 1.6893030407234133 0.0
1.0997772791036025 1.8063444593490392 0.7638854618276631 -0.7981775471407359 -2.115256755290287 1.6948745719530371 0.0
1.10229126603201 1.8100786134032374 0.7619798347958807 -0.7962272157992532 -2.1148897746685127 1.700409857036885 0.0
1.1048074002713295 1.8137954547979087 0.7600647955149495 -0.794267221756809 -2.1145095964089893 1.70590899185567 0.0
1.1073256820192754 1.8174949702394234 0.7581405752820837 -0.792297797280496 -2.114116601636019 1.7113720820487737 0.0
1.1098461088572984 1.8211771466286193 0.7562074013877954 -0.7903191705943792 -2.1137111678839933 1.716799242722004 0.0
1.112368675850215 1.8248419711643968 0.7542654971104283 -0.7883315658735326 -2.1132936689184385 1.7221905981547099 0.0
1.114893375645045 1.8284894314415536 0.7523150817144993 -0.7863352032419029 -2.1128644745687195 1.7275462815068026 0.0
1.1174201985689987 1.8321195155433427 0.7503563704525796 -0.7843302987737898 -2.112423950572623 1.7328664345262021 0.0
1.1199491327263777 1.8357322121287836 0.7483895745705366 -0.7823170644985519 -2.1119724584322093 1.7381512072572884 0.0
1.1224801640943047 1.8393275105144775 0.7464149013160498 -0.780295708408957 -2.111510355281029 1.7434007577505357 0.0
1.12501327661719 1.8429054007515648 0.7444325539502475 -0.778266434472179 -2.1110379937621326 1.7486152517742988 0.0
1.1275484522999373 1.8464658736974933 0.7424427317622159 -0.7762294426440542 -2.1105557219168882 1.753794862528457 0.0
1.1300856712995595 1.8500089210830666 0.7404456300861734 -0.7741849288858859 -2.110063883084078 1.758939770361071 0.0
1.1326249120153644 1.8535345355743993 0.7384414403214767 -0.7721330851841798 -2.10956281580921 1.7640501624877596 0.0
1.135166151177413 1.8570427108304695 0.7364303499549067 -0.770074099572514 -2.1090528537635382 1.7691262327146597 0.0
1.1377093639333604 1.8605334415560264 0.7344125425854157 -0.7680081561559339 -2.108534325672523 1.7741681811647694 0.0
1.1402545239335782 1.8640067235501132 0.7323881979509123 -0.7659354351375529 -2.108007555253515 1.7791762140084924 0.0
1.1428016034144197 1.8674625537503422 0.7303574919570909 -0.7638561128470471 -2.1074728611622264 1.7841505431982452 0.0
1.1453505732796256 1.8709009302729753 0.728320596708239 -0.7617703617712047 -2.1069305569476326 1.7890913862076618 0.0
1.1479014031799575 1.8743218524492116 0.726277680539729 -0.7596783505860764 -2.106380951015071 1.7939989657751705 0.0
1.1504540615907526 1.8777253208572993 0.7242289080521395 -0.7575802441909644 -2.1058243465972013 1.798873509652861 0.0
1.1530085158876673 1.8811113373512516 0.7221744401469359 -0.7554762037437441 -2.105261041732333 1.8037152503600236 0.0
1.155564732420404 1.8844799050858825 0.7201144340634177 -0.7533663866976337 -2.104691329249989 1.808524424942159 0.0
1.1581226765844306 1.8878310285383852 0.7180490434170171 -0.7512509468392619 -2.1041154967632187 1.8133012747351553 0.0
1.1606823128907635 1.8911647135267686 0.7159784182387137 -0.7491300343277981 -2.103533826667475 1.8180460451349756 0.0
1.163243605033741 1.894480967224983 0.7139027050154493 -0.7470037957352677 -2.10294659614556 1.82275898537289 0.0
1.165806515956773 1.8977797981752262 0.7118220467315606 -0.7448723740876051 -2.1023540771784996 1.8274403482963713 0.0
1.1683710079161094 1.9010612162972453 0.709736582910894 -0.7427359089067697 -2.1017565365618966 1.832090390155677 0.0
1.1709370425426124 1.9043252328950002 0.7076464496598908 -0.7405945362533569 -2.1011542359274786 1.83670937039613 0.0
1.1735045809016016 1.907571860660701 0.7055517797110442 -0.7384483887701601 -2.100547431769707 1.8412975514561984 0.0
1.1760735835506917 1.9108011136764944 0.7034527024670345 -0.7362975957258685 -2.0999363754768083 1.8458551985715503 0.0
1.1786440105956872 1.9140130074135824 0.7013493440454619 -0.7341422830597082 -2.0993213133663717 1.8503825795845956 0.0
1.1812158217445563 1.9172075587293356 0.6992418273237696 -0.7319825734261054 -2.0987024867248008 1.854879964760126 0.0
1.1837889763595484 1.9203847858623422 0.6971302719845306 -0.7298185862397988 -2.09808013185071 1.8593476266066125 0.0
1.1863634335073752 1.9235447084252804 0.6950147945610414 -0.7276504377213263 -2.097454480101843 1.8637858397033873 0.0
1.1889391520075705 1.9266873473961466 0.6928955084831445 -0.7254782409424175 -2.0968257579451945 1.868194880533417 0.0
1.1915160904790147 1.9298127251076467 0.6907725241229014 -0.723302105871782 -2.09619418701025 1.8725750273219395 0.0
1.1940942073847771 1.9329208652350613 0.6886459488406231 -0.7211221394206594 -2.09555998414497 1.8769265598805895 0.0
1.1966734610749874 1.9360117927823242 0.6865158870308012 -0.7189384454886549 -2.0949233614744456 1.8812497594572832 0.0
1.1992538098282364 1.9390855340670967 0.6843824401678378 -0.7167511250092341 -2.0942845264618164 1.8855449085914784 0.0
1.20183521189107 1.9421421167040505 0.6822457068518917 -0.7145602759953577 -2.0936436819713946 1.8898122909750492 0.0
1.2044176255159806 1.945181569587308 0.6801057828544187 -0.7123659935848031 -2.0930010263337473 1.894052191318348 0.0
1.2070010089977559 1.948203922871539 0.677962761163528 -0.7101683700852726 -2.0923567534125396 1.8982648952218266 0.0
1.20958532070819 1.9512092079520527 0.6758167320291673 -0.707967495019399 -2.091711052672951 1.9024506890525859 0.0
1.2121705191293155 1.95419745744394 0.6736677830079812 -0.7057634551692674 -2.091064109251493 1.906609859826327 0.0
1.2147565628851245 1.9571687051603321 0.6715159990078757 -0.7035563346207949 -2.09041610402712 1.9107426950940964 0.0
1.2173434107718022 1.9601229860897968 0.6693614623322679 -0.7013462148076502 -2.0897672136933565 1.9148494828341998 0.0
1.219931021786593 1.9630603363731074 0.6672042527238728 -0.6991331745548239 -2.089117610831448 1.918930511348794 0.0
1.2225193551552063 1.9659807932792512 0.6650444474081209 -0.6969172901218229 -2.0884674639842333 1.9229860691653453 0.0
1.2251083703579217 1.9688843951809054 0.6628821211362839 -0.6946986352453143 -2.087816937730702 1.9270164449426102 0.0
1.227698027154416 1.9717711815293513 0.6607173462278477 -0.6924772811815159 -2.0871661927611704 1.931021927381276 0.0
1.2302882856072561 1.9746411928289984 0.6585501926127435 -0.6902532967477603 -2.0865153859527292 1.935002805139013 0.0
1.2328791061041509 1.9774944706113433 0.656380727872934 -0.6880267483639667 -2.0858646704451442 1.9389593667497904 0.0
1.2354704493791262 1.9803310574087252 0.6542090172834255 -0.6857977000932602 -2.085214195716866 1.9428919005475627 0.0
1.2380622765324316 1.9831509967277623 0.6520351238528553 -0.683566213682244 -2.0845641076612162 1.946800694593966 0.0
1.2406545490493055 1.9859543330224825 0.6498591083635028 -0.6813323486005859 -2.083914548662526 1.9506860366101353 0.0
1.2432472288177994 1.9887411116672873 0.6476810294107395 -0.6790961620801732 -2.083265657672239 1.9545482139123864 0.0
1.2458402781454074 1.991511378929761 0.6455009434419985 -0.676857709153577 -2.0826175702848295 1.9583875133517015 0.0
1.2484336597747434 1.994265181943398 0.6433189047949688 -0.6746170426919651 -2.0819704188135812 1.9622042212570645 0.0
1.2510273368982296 1.9970025686801691 0.6411349657354969 -0.6723742134424815 -2.0813243323659307 1.9659986233822595 0.0
1.2536212731718739 1.9997235879232302 0.638949176494622 -0.6701292700648473 -2.0806794369185915 1.969771004856235 0.0
1.2562154327280612 2.002428289239359 0.6367615853051517 -0.667882259167622 -2.080035855392184 1.9735216501370894 0.0
1.2588097801874976 2.005116722951693 0.6345722384377156 -0.6656332253435641 -2.0793937077253966 1.9772508429690239 0.0
1.261404280670354 2.0077889401124756 0.6323811802359823 -0.6633822112045296 -2.0787531109486506 1.9809588663428335 0.0
1.2639988998065332 2.0104449924757213 0.6301884531515629 -0.6611292574157753 -2.0781141792571938 1.9846460024594021 0.0
1.2665936037451022 2.0130849324702136 0.6279940977780625 -0.6588744027295143 -2.077477024083576 1.9883125326962936 0.0
1.2691883591630773 2.0157088131725907 0.6257981528846684 -0.6566176840179268 -2.0768417541694957 1.9919587375771886 0.0
1.2717831332734453 2.018316688280565 0.6236006554490494 -0.6543591363055262 -2.0762084756369625 1.9955848967444614 0.0
1.2743778938323747 2.02090861208636 0.6214016406897023 -0.6520987928009095 -2.0755772920587434 1.999191288934249 0.0
1.276972609145896 2.0234846394504533 0.6192011420975778 -0.6498366849278245 -2.0749483045281303 2.0027781919543486 0.0
1.2795672480758016 2.0260448257753305 0.6169991914674369 -0.64757284235566 -2.0743216117278243 2.006345882664789 0.0
1.2821617800450185 2.028589226979763 0.6147958189281068 -0.6453072930293552 -2.0736973099982503 2.00989463696086 0.0
1.284756175042317 2.031117899473151 0.6125910529724955 -0.6430400631985963 -2.073075493404868 2.0134247297586447 0.0
1.2873504036264563 2.033630900130269 0.6103849204869572 -0.6407711774464432 -2.072456253804797 2.0169364349829473 0.0
1.2899444369297446 2.036128286266225 0.6081774467800434 -0.6385006587173413 -2.0718396809125994 2.0204300255574985 0.0
1.2925382466611643 2.0386101156118834 0.6059686556104511 -0.6362285283445175 -2.071225862365209 2.023905773397493 0.0
1.295131805108793 2.04107644628936 0.603758569214874 -0.6339548060767382 -2.0706148837861047 2.0273639494042115 0.0
1.2977250851418967 2.043527336788047 0.6015472083348606 -0.631679510104574 -2.07000682884853 2.030804823461792 0.0
1.3003180602125004 2.045962845940919 0.5993345922432105 -0.6294026570859926 -2.069401779337981 2.0342286644361294 0.0
1.3029107043564885 2.0483830329012385 0.5971207387699492 -0.6271242621712314 -2.06879981521374 2.037635740175533 0.0
1.3055029921942247 2.050787957119483 0.5949056643275095 -0.6248443390274196 -2.0682010146697247 2.0410263175136687 0.0
1.3080948989307766 2.0531776783207167 0.5926893839356645 -0.6225628998623153 -2.0676054541942737 2.04440066227404 0.0
1.3106864003557919 2.0555522564823776 0.5904719112456318 -0.620279955447622 -2.0670132086293584 2.047759039276479 0.0
1.3132774728429522 2.0579117518124077 0.5882532585637845 -0.6179955151416883 -2.066424351228749 2.0511017123453166 0.0
1.3158680933489302 2.060256224727665 0.5860334368749185 -0.6157095869116525 -2.0658389537154704 2.0544289443193042 0.0
1.318458239412186 2.0625857358328243 0.5838124558648294 -0.613422177355121 -2.0652570863383883 2.05774099706316 0.0
1.321047889151252 2.064900345899633 0.5815903239424474 -0.6111332917211935 -2.064678817928091 2.061038131480777 0.0
1.3236370212627329 2.0672001158464615 0.5793670482615972 -0.6088429339310365 -2.064104215951902 2.0643206075300546 0.0
1.326225615019038 2.069485106718456 0.5771426347420502 -0.6065511065978328 -2.0635333465680388 2.067588684239044 0.0
1.3288136502656833 2.0717553796677612 0.5749170880902671 -0.6042578110463742 -2.0629662746791704 2.070842619723913 0.0
1.3314011074184202 2.0740109959344495 0.5726904118195213 -0.6019630473319939 -2.0624030639851334 2.0740826712080516 0.0
1.3339879674599586 2.076252016827614 0.5704626082698057 -0.5996668142590142 -2.0618437770348694 2.077309095042768 0.0
1.3365742119364086 2.0784785037068874 0.5682336786270694 -0.5973691093988381 -2.061288475277707 2.0805221467293786 0.0
1.339159822953585 2.080690517964425 0.5660036229419776 -0.5950699291073953 -2.0607372191139106 2.0837220809424943 0.0
1.3417447831728708 2.082888121007179 0.5637724401484359 -0.5927692685422404 -2.060190067944565 2.086909151554854 0.0
1.3443290758069715 2.085071374239703 0.561540128081446 -0.5904671216790137 -2.0596470802207434 2.090083611663203 0.0
1.34691268461521 2.087240339047036 0.5593066834949431 -0.5881634813276295 -2.059108313491997 2.0932457136156164 0.0
1.34949559389881 2.0893950767782647 0.557072102078746 -0.5858583391479835 -2.058573824454313 2.09639570904 0.0
1.3520777884958488 2.0915356487303916 0.5548363784753336 -0.5835516856650645 -2.0580436689974313 2.0995338488737967 0.0
1.354659253775855 2.093662116132439 0.5525995062964492 -0.5812435102837923 -2.0575179022514245 2.1026603833948094 0.0
1.3572399756343136 2.095774540129997 0.5503614781389533 -0.5789338013034738 -2.0569965786328614 2.105775562253447 0.0
1.3598199404869251 2.097872981770217 0.5481222856005504 -0.5766225459316178 -2.056479751890372 2.1088796345058616 0.0
1.3623991352635587 2.0999575019870527 0.5458819192951441 -0.5743097302976172 -2.0559674751496213 2.1119728486483074 0.0
1.364977547402124 2.1020281615869685 0.5436403688676967 -0.571995339465849 -2.055459800957848 2.115055452652638 0.0
1.3675551648420439 2.104085021234892 0.5413976230089739 -0.5696793574484433 -2.0549567813278764 2.118127694002981 0.0
1.3701319760176627 2.1061281414405433 0.5391536694698618 -0.5673617672177358 -2.054458467781574 2.121189819733396 0.0
1.3727079698512936 2.1081575825451937 0.5369084950754023 -0.5650425507182969 -2.0539649113930594 2.124242076466678 0.0
1.375283135746172 2.110173404708698 0.5346620857385375 -0.5627216888785712 -2.053476162831282 2.1272847104542385 0.0
1.3778574635791605 2.112175667896892 0.5324144264734709 -0.5603991616223141 -2.05299227240233 2.1303179676170014 0.0
1.380430943693156 2.1141644318692743 0.5301655014089504 -0.55807494787954 -2.0525132900912366 2.133342093587558 0.0
1.3830035668893543 2.1161397561671276 0.5279152938011173 -0.5557490255972782 -2.0520392656035935 2.1363573337530686 0.0
1.3855753244192777 2.1181017001018825 0.5256637860462897 -0.5534213717498303 -2.0515702484066383 2.1393639332995544 0.0
1.3881462079766045 2.120050322743916 0.5234109596932064 -0.5510919623489422 -2.0511062877702178 2.1423621372569674 0.0
1.3907162096886156 2.1219856829114505 0.5211567954555494 -0.5487607724535627 -2.0506474328072843 2.1453521905455446 0.0
1.3932853221076593 2.1239078391600974 0.5189012732236368 -0.5464277761793249 -2.050193732514273 2.148334338023084 0.0
1.3958535382021289 2.125816849772416 0.516644372076483 -0.544092946707841 -2.0497452358111716 2.1513088245333485 0.0
1.3984208513474292 2.127712772748027 0.51438607029328 -0.5417562562956378 -2.049301991581385 2.154275894955473 0.0
1.400987255316465 2.1295956657938495 0.5121263453650637 -0.5394176762828015 -2.048864048711372 2.1572357942545306 0.0
1.4035527442700733 2.1314655863147824 0.5098651740058485 -0.5370771771016758 -2.0484314561301775 2.1601887675331 0.0
1.4061173127470703 2.1333225914046414 0.5076025321638911 -0.5347347282849967 -2.0480042628487993 2.163135060083944 0.0
1.4086809556540871 2.135166737837392 0.5053383950328615 -0.5323902984738955 -2.04758251799939 2.166074917443867 0.0
1.4112436682551095 2.1369980820587795 0.5030727370625729 -0.5300438554259428 -2.047166270874427 2.1690085854484824 0.0
1.4138054461607805 2.1388166801780835 0.5008055319700305 -0.5276953660227172 -2.046755570965764 2.171936310288372 0.0
1.4163662853172805 2.14062258796033 0.49853675275027554 -0.525344796277307 -2.046350468003664 2.174858338566102 0.0
1.4189261819950807 2.142415860818803 0.4962663716869266 -0.5229921113416817 -2.045951011995799 2.1777749173545544 0.0
1.4214851327772875 2.1441965538077534 0.4939943603629551 -0.5206372755139553 -2.0455572532662996 2.180686294256434 0.0
1.424043134547608 2.145964721615478 0.49172068967144017 -0.5182802522454296 -2.045169242494709 2.183592717464747 0.0
1.4266001844781164 2.1477204185577086 0.4894453298260886 -0.5159210041475117 -2.0447870307551916 2.186494435824839 0.0
1.4291562800165436 2.1494636985712794 0.4871682503720324 -0.5135594929986415 -2.0444106695555617 2.1893916988971998 0.0
1.4317114188732913 2.1511946152080927 0.4848894201965273 -0.5111956797509821 -2.044040210876666 2.1922847570218797 0.0
1.4342655990080408 2.1529132216293903 0.4826088075395748 -0.5088295245372905 -2.0436757072117886 2.1951738613839873 0.0
1.4368188186159818 2.1546195706003646 0.48032638000492817 -0.5064609866773815 -2.0433172116061145 2.1980592640804013 0.0
1.439371076113545 2.1563137144850275 0.4780421045708645 -0.5040900246849115 -2.0429647776965805 2.200941218188005 0.0
1.4419223701239445 2.1579957052414462 0.4757559476013002 -0.5017165962738196 -2.0426184597517656 2.203819977832978 0.0
1.444472699461962 2.15966559441719 0.47346787485695496 -0.499340658365047 -2.0422783127120656 2.2066957982616495 0.0
1.447022063118521 2.1613234331452045 0.47117785150661806 -0.4969621670931828 -2.0419443922301603 2.209568935912595 0.0
1.4495704602447672 2.162969272139998 0.4688858421387334 -0.4945810778129328 -2.041616754711726 2.2124396484901343 0.0
1.4521178901354836 2.164603161694089 0.46659181077302386 -0.4921973451060031 -2.0412954573564335 2.2153081950393823 0.0
1.4546643522121565 2.166225151674788 0.4642957208725404 -0.4898109227878421 -2.0409805581993457 2.2181748360225746 0.0
1.457209846005457 2.167835291521382 0.4619975353557383 -0.4874217639144721 -2.040672116152622 2.2210398333971 0.0
1.4597543711371612 2.1694336302426276 0.45969721660908547 -0.48502982078953355 -2.0403701910476304 2.2239034506947615 0.0
1.4622979273014614 2.171020216414588 0.4573947264997607 -0.4826350449714463 -2.0400748436774676 2.226765953102807 0.0
1.4648405142457341 2.1725950981788396 0.4550900263888388 -0.48023738728062487 -2.03978613583996 2.229627607546531 0.0
1.467382131750667 2.174158323241093 0.45278307714473853 -0.47783679780702265 -2.0395041303809616 2.232488682773294 0.0
1.4699227796096754 2.1757099388700913 0.4504738391571548 -0.47543322591786336 -2.039228891238424 2.2353494494384325 0.0
1.4724624576076837 2.177249991896965 0.44816227235145845 -0.4730266202655732 -2.0389604834866852 2.238210180192632 0.0
1.4750011654992348 2.178778528715014 0.4458483362033821 -0.47061692879593015 -2.038698973381527 2.2410711497711557 0.0
1.4775389029857564 2.180295595279831 0.4435319897545151 -0.46820409875657637 -2.0384444284055836 2.2439326350847018 0.0
1.4800756696922384 2.181801237109976 0.4412131916278313 -0.4657880767058709 -2.0381969173145937 2.246794915312128 0.0
1.482611465142873 2.1832954992878784 0.43889190004442385 -0.4633688085220432 -2.037956510183987 2.2496582719949973 0.0
1.4851462887361127 2.18477842646146 0.4365680728402958 -0.46094623941268587 -2.037723278456356 2.252522989133854 0.0
1.4876801397187502 2.1862500628460517 0.4342416674841117 -0.4585203139247618 -2.0374972949894685 2.2553893532864384 0.0
1.4902130171590533 2.187710452226864 0.4319126410955336 -0.4560909759549125 -2.0372786341048745 2.2582576536679033 0.0
1.4927449199191463 2.189159637961989 0.4295809504642994 -0.4536581687603245 -2.0370673716374297 2.261128182252875 0.0
1.4952758466262652 2.190597662985892 0.4272465520699964 -0.4512218349702061 -2.0368635849854213 2.2640012338795663 0.0
1.4978057956430773 2.192024569813489 0.424909402102838 -0.4487819165975738 -2.0366673531614268 2.2668771063558135 0.0
1.5003347650369832 2.1934404005447967 0.4225694564850891 -0.446338355051779 -2.0364787568440437 2.2697561005673976 0.0
1.5028627525483798 2.1948451968702067 0.42022667089355104 -0.44389109115153746 -2.0362978784303114 2.2726385205881656 0.0
1.5053897555577151 2.1962390000763494 0.41788100078296525 -0.44144006513874295 -2.0361248020889873 2.275524673792432 0.0
1.5079157710515543 2.1976218510526997 0.41553240141017783 -0.43898521669282947 -2.0359596138147764 2.2784148709695815 0.0
1.5104407955872432 2.198993790298711 0.41318082785985594 -0.4365264849460073 -2.0358024014831426 2.2813094264408265 0.0
1.5129648252565435 2.2003548579318966 0.4108262350707584 -0.43406380849911047 -2.0356532549062805 2.2842086581780836 0.0
1.5154878556479023 2.2017050936964546 0.4084685778636694 -0.4315971254382767 -2.0355122658897473 2.287112887925227 0.0
1.518009881807436 2.2030445369728153 0.4061078109700856 -0.4291263733526348 -2.035379528290183 2.290022441321598 0.0
1.5205308981985457 2.2043732267879492 0.40374388906253805 -0.42665148935266445 -2.03525513807377 2.29293764802782 0.0
1.5230508986601714 2.2056912018265784 0.4013767667859182 -0.42417241008966755 -2.0351391933757235 2.2958588418539447 0.0
1.5255698763635586 2.2069985004432797 0.39900639879043076 -0.42168907177605963 -2.0350317945607825 2.298786360889899 0.0
1.5280878237676203 2.208295160675546 0.3966327397659498 -0.41920141020669804 -2.0349330442844034 2.301720547638442 0.0
1.5306047325726724 2.209581220257828 0.3942557444776112 -0.41670936078153814 -2.0348430475552397 2.304661749150425 0.0
1.5331205936726957 2.2108567166366226 0.3918753678033524 -0.41421285852895606 -2.0347619117982902 2.307610317162544 0.0
1.5356353971060033 2.2121216869867055 0.38949156477267477 -0.4117118381304942 -2.0346897469191076 2.3105666082374396 0.0
1.5381491320041185 2.2133761682284216 0.3871042906075194 -0.4092062339467772 -2.0346266653690757 2.3135309839063045 0.0
1.5406617865391488 2.2146201970462895 0.38471350076434013 -0.40669598004456736 -2.0345727822114936 2.3165038108139853 0.0
1.5431733478693 2.215853809908768 0.3823191509783537 -0.4041810102251776 -2.0345282151886845 2.3194854608665034 0.0
1.5456838020826442 2.2170770430893465 0.37992119730975404 -0.40166125805403924 -2.03449308479 2.3224763113811107 0.0
1.5481931341391766 2.2182899326891627 0.3775195961912843 -0.3991366568918566 -2.034467514320821 2.325476745238662 0.0
1.5507013278108928 2.2194925146608995 0.3751143044782571 -0.3966071399269834 -2.0344516299725086 2.3284871510386673 0.0
1.5532083656200864 2.2206848248342737 0.3727052795005491 -0.3940726402091403 -2.034445560893111 2.3315079232567 0.0
1.555714228775794 2.221866898943162 0.37029247911645513 -0.3915330906847091 -2.034449439259085 2.3345394624042624 0.0
1.5582188971081627 2.2230387726543235 0.3678758617688177 -0.3889884242335076 -2.034463400347803 2.337582175191054 0.0
1.5607223490010165 2.224200481597912 0.3654553865433675 -0.3864385737068992 -2.0344875826110176 2.3406364746898447 0.0
1.5632245613223883 2.2253520613998212 0.36303101322908227 -0.3838834719676374 -2.034522127748973 2.3437027805034774 0.0
1.5657255093530726 2.2264935477158665 0.3606027023811241 -0.3813230519309799 -2.0345671807852637 2.3467815189345482 0.0
1.568225166713218 2.227624976268087 0.35817041538586686 -0.37875724660746735 -2.03462289014255 2.349873123157197 0.0
1.570723505286934 2.2287463828830303 0.355734114528277 -0.37618598914726525 -2.034689407718865 2.352978033391258 0.0
1.5732204951448643 2.2298578035322745 0.35329376306176974 -0.37360921288579246 -2.0347668889645143 2.3560966970789052 0.0
1.5757161044648464 2.2309592743752416 0.3508493252801523 -0.37102685139118363 -2.0348554929596205 2.3592295690631935 0.0
1.5782102994506517 2.2320508318043064 0.34840076659244745 -0.3684388385127996 -2.034955382492073 2.362377111769038 0.0
1.5807030442486387 2.233132512492449 0.3459480535995609 -0.3658451084315844 -2.0350667241360068 2.365539795386397 0.0
1.5831943008628437 2.2342043534435256 0.34349115417366033 -0.3632455957113347 -2.0351896883305427 2.36871809805529 0.0
1.585684029067821 2.235266392045072 0.3410300375399355 -0.36064023535172707 -2.035324449459022 2.3719125060531443 0.0
1.588172186320111 2.2363186661241046 0.33856467436041565 -0.3580289628421144 -2.0354711859282033 2.3751235139840037 0.0
1.590658727667835 2.2373612140056554 0.3360950368203405 -0.3554117142166605 -2.035630080247671 2.3783516249697643 0.0
1.5931436056586483 2.238394074574391 0.3336210987165438 -0.35278842611056405 -2.035801319109416 2.3815973508434034 0.0
1.595626770246454 2.2394172873394416 0.33114283554804064 -0.3501590358166484 -2.035985093467148 2.384861212343887 0.0
1.5981081686963843 2.2404308925023146 0.32866022460872196 -0.34752348134321775 -2.0361815986156597 2.388143739313104 0.0
1.6005877454889055 2.2414349310283077 0.3261732450818357 -0.34488170147186215 -2.036391034269808 2.391445470894576 0.0
1.6030654422227497 2.242429444721352 0.3236818781362025 -0.3422336358158266 -2.0366136046431564 2.394766955733945 0.0
1.6055411975168554 2.2434144763024 0.3211861070240722 -0.33957922487831604 -2.036849518526131 2.3981087521813698 0.0
1.6080149469119684 2.2443900694916987 0.3186859171802941 -0.3369184101102502 -2.037098989363797 2.401471428495455 0.0
1.6104866227713284 2.245356269094611 0.3161812963231628 -0.33425113396766953 -2.0373622353326684 2.4048555630493618 0.0
1.6129561541817168 2.2463131210916383 0.31367223455514465 -0.33157733996809885 -2.0376394794170194 2.4082617445387213 0.0
1.6154234668542518 2.2472606727323883 0.31115872446511694 -0.3288969727453971 -2.0379309494842093 2.4116905721913025 0.0
1.6178884830257507 2.24819897263365 0.30864076123058515 -0.3262099781027595 -2.0382368783589797 2.4151426559791513 0.0
1.6203511213609176 2.249128070881887 0.3061183427195078 -0.323516303063448 -2.0385575038969064 2.4186186168326924 0.0
1.6228112968555621 2.250048019139918 0.3035914695921289 -0.32081589591854554 -2.0388930690564813 2.4221190868573403 0.0
1.6252689207415656 2.2509588707582298 0.3010601454014989 -0.31810870627093024 -2.039243821970246 2.4256447095529956 0.0
1.6277239003936723 2.251860680890693 0.2985243766925648 -0.31539468507548113 -2.0396100160145436 2.4291961400364457 0.0
1.6301761392389793 2.2527535066150404 0.2959841730993658 -0.3126737846737078 -2.0399919098780526 2.432774045267109 0.0
1.6326255366693065 2.2536374070579597 0.2934395474392237 -0.3099459588231275 -2.040389767628974 2.4363791042769147 0.0
1.6350719879572813 2.254512443525041 0.2908905158040279 -0.30721116271951077 -2.040803858781202 2.4400120084043175 0.0
1.6375153841766301 2.255378679635509 0.28833709764711185 -0.3044693530116637 -2.041234458359021 2.4436734615336864 0.0
1.6399556121273098 2.2562361814619365 0.2857793158654028 -0.3017204878071615 -2.0416818469609597 2.4473641803403954 0.0
1.6423925542660447 2.2570850176746764 0.2832171968759433 -0.2989645266686455 -2.0421463108224445 2.4510848945428707 0.0
1.6448260886434345 2.2579252596914587 0.28065077068562544 -0.2962014305982808 -2.0426281418778376 2.454836347162496 0.0
1.6472560888480636 2.2587569818318878 0.27808007095298093 -0.29343116201020025 -2.0431276378219096 2.4586192947923977 0.0
1.6496824239582117 2.2595802614767457 0.27550513504193014 -0.2906536846886384 -2.04364510217106 2.4624345078771483 0.0
1.6521049585027454 2.2603951792324812 0.2729260040650016 -0.28786896373047144 -2.044180844324661 2.4662827710041664 0.0
1.6545235524314457 2.261201819100427 0.27034272291546346 -0.28507696547069933 -2.044735179627142 2.4701648832094283 0.0
1.656938061096028 2.26200026865096 0.2677553402874776 -0.2822776573882474 -2.045308429431061 2.474081658299132 0.0
1.6593483352428255 2.2627906192025145 0.2651639086819156 -0.2794710079910857 -2.0459009211622203 2.478033925189838 0.0
1.6617542210180265 2.263572966005232 0.262568484397009 -0.27665698667801447 -2.046512988387266 2.4820225282699306 0.0
1.664155559986764 2.264347408429393 0.25996912750225576 -0.273835563574793 -2.047144970884838 2.486048327785233 0.0
1.666552189166946 2.2651140501583806 0.25736590179350677 -0.27100670934265175 -2.047797214721509 2.4901122002522684 0.0
1.6689439410790863 2.2658729993860653 0.254758874728236 -0.26817039495600625 -2.0484700723332083 2.4942150389030484 0.0
1.6713306438132522 2.2666243690186287 0.25214811733828324 -0.2653265914471836 -2.0491639026140525 2.498357754165959 0.0
1.6737121211142263 2.267368276880538 0.24953370411917963 -0.2624752696150089 -2.049879071013945 2.502541274186963 0.0
1.6760881924863 2.268104845924754 0.24691571289308417 -0.25961639969402706 -2.050615949646642 2.5067665453970047 0.0
1.6784586733186788 2.2688342044469394 0.24429422464413125 -0.2567499509811988 -2.0513749174106892 2.5110345331313217 0.0
1.6808233750326256 2.2695564863034474 0.24166932332379767 -0.2538758914168831 -2.052156360124912 2.515346222307585 0.0
1.683182105251974 2.270271831133385 0.23904109562357367 -0.25099418711554505 -2.0529606706818093 2.5197026181699944 0.0
1.6855346679976755 2.2709803845841865 0.23640963071391866 -0.24810480184306696 -2.0537882492208666 2.5241047471074713 0.0
1.6878808639080833 2.2716822985411476 0.2337750199458004 -0.24520769643588977 -2.0546395033257445 2.5285536575549754 0.0
1.6902204904856037 2.2723777313605176 0.23113735651331171 -0.24230282815792165 -2.055514848248503 2.533050420988623 0.0
1.6925533423711299 2.2730668481064877 0.22849673507496293 -0.2393901499901305 -2.056414707164885 2.5375961330244 0.0
1.6948792116473863 2.273749820792058 0.22585325133083375 -0.2364696098474284 -2.057339511465214 2.5421919146338663 0.0
1.697197888172181 2.2744268286241 0.22320700155291404 -0.23354114971827278 -2.058289701085602 2.54683891348939 0.0
1.6995091599424983 2.2750980582528046 0.22055808206611688 -0.23060470472032277 -2.0592657248852335 2.551538305454777 0.0
1.701812813490269 2.275763704025922 0.21790658867832152 -0.22766020206596443 -2.0602680410749246 2.556291296236621 0.0
1.7041086343111096 2.2764239682485057 0.21525261605507007 -0.2247075599310533 -2.0612971177045116 2.5610991232154747 0.0
1.706396407326483 2.2770790614487275 0.21259625703714002 -0.2217466862196564 -2.0623534332157214 2.565963057475953 0.0
1.708675917380298 2.277729202650685 0.20993760189817084 -0.21877747721618904 -2.0634374770686743 2.570884406059008 0.0
1.710946949770444 2.278374619655365 0.20727673753896164 -0.2157998161170236 -2.0645497504511443 2.5758645144595604 0.0
1.7132092908164613 2.2790155493311373 0.20461374661518195 -0.21281357143125124 -2.065690767080109 2.5809047693979243 0.0
1.715462728463355 2.2796522379153377 0.20194870659703476 -0.20981859523966742 -2.0668610541064942 2.5860066018940158 0.0
1.7177070529228526 2.2802849413290818 0.19928168875406194 -0.20681472130186518 -2.0680611531353654 2.591171490679096 0.0
1.719942057352457 2.280913925507551 0.19661275706528894 -0.2038017629962458 -2.0692916213745756 2.5964009659807084 0.0
1.7221675385728816 2.2815394667486038 0.1939419670484202 -0.2007795110796523 -2.0705530329270636 2.6016966137241653 0.0
1.7243832978253795 2.2821618520830436 0.1912693645043872 -0.19774773124930914 -2.071845980242938 2.60706008019631 0.0
1.7265891415688626 2.282781379670262 0.18859498417328632 -0.19470616148914835 -2.0731710757497197 2.612493077223665 0.0
1.7287848823188274 2.2833983592240448 0.1859188482956563 -0.19165450917831248 -2.0745289536823965 2.617997387925056 0.0
1.7309703395291136 2.284013112473559 0.18324096507437848 -0.18859244793791152 -2.075920272135035 2.623574873103964 0.0
1.7331453405178627 2.2846259736657086 0.180561327029677 -0.18551961418867294 -2.077345715361199 2.629227478356971 0.0
1.7353097214403335 2.285237290115932 0.17787990924110303 -0.18243560338594675 -2.0788059963521484 2.634957241984103 0.0
1.7374633283110472 2.28584742281589 0.1751966674663099 -0.17933996589631704 -2.0803018597272542 2.640766303798641 0.0
1.739606018078006 2.286456747107253 0.1725115361300778 -0.17623220247076726 -2.0818340849743247 2.646656914949103 0.0
1.741737659754026 2.287065653432829 0.16982442616768703 -0.17311175926643077 -2.083403490083535 2.6526314488826475 0.0
1.743858135609406 2.2876745481780665 0.16713522271462988 -0.16997802235450923 -2.085010935627207 2.65869241359934 0.0
1.7459673424331656 2.2882838546176805 0.16444378262308118 -0.16683031164762926 -2.086657329342011 2.664842465370055 0.0
1.7480651928698099 2.288894013984915 0.16174993179071862 -0.16366787416264278 -2.08834363128265 2.6710844241207874 0.0
1.7501516168420976 2.2895054866839866 0.15905346227849687 -0.1604898765228108 -2.090070859626492 2.677421290719203 0.0
1.7522265630712963 2.2901187536695895 0.1563541291942711 -0.15729539658293418 -2.0918400972219553 2.6838562664417456 0.0
1.7542900007098532 2.2907343180216286 0.15365164731244707 -0.15408341404015388 -2.093652498990178 2.690392774948526 0.0
1.756341921104283 2.291352706748346 0.15094568739637637 -0.1508527998641702 -2.0955093003097063 2.697034487157326 0.0
1.7583823397101113 2.2919744728576728 0.14823587218401824 -0.14760230434806096 -2.0974118265399144 2.703785349480254 0.0
1.7604112981866589 2.2926001977438357 0.14552177198594027 -0.14433054353904756 -2.0993615038678204 2.7106496159812785 0.0
1.7624288667038774 2.2932304939456127 0.14280289984497205 -0.14103598375470056 -2.1013598717007227 2.717631885125359 0.0
1.7644351465021002 2.293866008344547 0.14007870618703427 -0.13771692382839862 -2.10340859687556 2.724737141935593 0.0
1.7664302727557837 2.2945074258860743 0.13734857288524033 -0.13437147464176177 -2.105509490014006 2.731970806550669 0.0
1.76841441780145 2.2951554739243183 0.1346118066461483 -0.13099753540049303 -2.1076645244260144 2.739338790401978 0.0
1.7703877948092053 2.2958109273152156 0.13186763160353365 -0.12759276597467836 -2.1098758580593207 2.746847561516808 0.0
1.7723506619914458 2.2964746144118475 0.12911518099022845 -0.12415455445453967 -2.1121458591142983 2.754504220821275 0.0
1.7743033274713662 2.297147424154487 0.1263534877286277 -0.12067997884593618 -2.1144771360970185 2.762316591792121 0.0
1.7762461549625101 2.2978303144979404 0.12358147375323063 -0.11716576153770147 -2.1168725732897444 2.770293326422789 0.0
1.7781795704539078 2.2985243224837153 0.1207979378389064 -0.11360821478332545 -2.119335372880447 2.7784440312864898 0.0
1.7801040701501036 2.2992305763523913 0.11800154167117559 -0.11000317491140282 -2.1218691053509255 2.78677941855771 0.0
1.7820202299885612 2.2999503102079273 0.11519079383762143 -0.10634592227598592 -2.124477770196371 2.795311488310308 0.0
1.7839287171578944 2.300684881904935 0.11236403136871821 -0.10263108297557183 -2.1271658696954248 2.804053750385625 0.0
1.7858303041773271 2.3014357950483326 0.10951939839193814 -0.09885250701030045 -2.1299384993382526 2.8130214968503373 0.0
1.7877258862876007 2.302204726300454 0.10665482139639304 -0.09500311562798866 -2.132801459762214 2.8222321398777033 0.0
1.7896165031763902 2.302993559623532 0.10376798056088672 -0.09107470783457988 -2.1357613967996003 2.8317056352855055 0.0
1.7915033664467839 2.3038044297102336 0.10085627657332416 -0.08705771200490671 -2.1388259787809 2.841465019788002 0.0
1.7933878948102109 2.3046397777738292 0.09791679244186663 -0.08294086247841516 -2.1420041239613328 2.8515371015002597 0.0
1.7952717598332029 2.3055024242460074 0.09494625005810099 -0.07871077180036157 -2.1453062965200713 2.861953360512689 0.0
1.7971569463740602 2.306395665048343 0.09194096192890068 -0.07435135482883437 -2.1487448981600905 2.872751142902792 0.0
1.7990458338906394 2.307323401439165 0.08889677999679799 -0.06984303771018252 -2.152334795838247 2.8839752734673225 0.0
1.800941308104513 2.3082903188521002 0.08580904675647183 -0.06516164619118535 -2.1560940480491673 2.8956802805886817 0.0
1.8028469180338726 2.3093021392380395 0.08267256099679293 -0.060276801442423616 -2.160044928818288 2.9079335411553657 0.0
1.804767102977565 2.310365987281827 0.07948158617086329 -0.05514953273450762 -2.164215412520403 2.9208198535022487 0.0
1.8067075313815735 2.311490939808517 0.07622996485576258 -0.049728592735054915 -2.1686413991603395 2.934448311771637 0.0
1.8086756265942212 2.3126888833597 0.07291148668373498 -0.04394451583842672 -2.173370183371094 2.94896305887352 0.0
1.8106814215718074 2.3139759189498172 0.06952086799724146 -0.03769950970929991 -2.178466127212793 2.964560938703801 0.0
1.8127390309615816 2.3153748052464245 0.06605627577724124 -0.030849063811600026 -2.184020503814668 2.9815222652296356 0.0
1.8148693791409771 2.3169195454075813 0.06252606711289682 -0.02316545878944205 -2.1901699184939263 3.000268717388394 0.0
1.8171057633796497 2.3186649127601626 0.05896849334675901 -0.014256429012684396 -2.1971343838137893 3.0214838366981582 0.0
1.8195067680737744 2.32070918869993 0.05551914501420931 -0.0033512799410134637 -2.2053075214445155 3.0464012520761266 0.0
1.822192186152412 2.3232606694103874 0.05271286783280518 0.011425230499231873 -2.215516728575108 3.0776490836941264 0.0
1.8254669256682536 2.3269009788613717 0.0537411672789943 0.03694295192598715 -2.2300147076966432 3.122591392398498 0.0
1.8284810410090913 2.3318580176652417 0.11966540278767887 0.1329049253676555 -2.2474657722011653 3.1832446812283837 0.0
1.8291953663536606 2.328517004310162 0.14893903599781394 0.140915631021069 -2.2323331742680934 3.1296456334596163 0.0
1.7967505668860233 2.3319719889880965 0.25787077449476414 0.18732840894654207 -2.242764951924066 3.171142795908281 0.0
1.8058392338458193 2.3327384084158567 0.2503588762163082 0.19730650937325775 -2.2417687500807704 3.164720384375727 0.0
1.8177180742243852 2.333415966745843 0.24100928498008847 0.21109641114053163 -2.240452062719021 3.155780572461084 0.0
1.8381770680653233 2.333705929038346 0.22849021979332657 0.23855485923285716 -2.237632129186412 3.1377173109619436 0.0
1.8086689234220308 2.3340442824754377 0.2802423808016254 0.2225849437410325 -2.234743847307128 3.1485841664675895 0.0
1.8215667189555496 2.334999996360309 0.26967830224192324 0.23825541861624155 -2.2344104161307676 3.1410849893684194 0.0
1.8471667102896239 2.336134673515556 0.2544017380555129 0.27657972475484327 -2.23475922980006 3.12602182024327 0.0
1.830265184448655 2.3371144341085754 0.27853156053903605 0.26304508405393273 -2.23471373830689 3.136929993983835 0.0
1.8706675443699265 2.339155862803471 0.30523374666699676 0.37545856345346496 -2.2387009347960256 3.113094309551307 0.0
1.8639164928586276 2.340022689381459 0.3140856483207107 0.3683511491942865 -2.2381742995469627 3.1176365621077444 0.0
1.8553716189756722 2.3408780665171594 0.3253352380509721 0.3598158686129638 -2.237629866358331 3.123270204321608 0.0
1.842885339597562 2.3417115437450278 0.3422566258949844 0.34853083604143764 -2.2370326038548556 3.131303432677267 0.0
1.8121690226779794 2.342413089593159 0.39469651936314165 0.3337616015746573 -2.2359749819932038 3.150360569442001 0.0
1.824161600084053 2.3433219686284987 0.38465986590691353 0.34801579274794897 -2.235610365437458 3.1433452505335575 0.0
1.8452894262115562 2.344324896022132 0.36989241116172383 0.37713898408045954 -2.235604618260833 3.130743057012497 0.0
1.8158377016838423 2.345480950281798 0.41885223337970273 0.36174268539278287 -2.2364766715543496 3.149401377596073 0.0
1.8286620153471094 2.346370212489662 0.408224043585385 0.3771932289224155 -2.236083501272928 3.1418687391072977 0.0
1.8541342737690552 2.34738085845171 0.39239996612383726 0.41458324548722103 -2.2361420077776586 3.1265903142009726 0.0
1.8368852309068737 2.3483064861249754 0.41677652409746907 0.40065017329463826 -2.2360712440151627 3.137623762037046 0.0
1.880548484293636 2.3500780171502047 0.4298304034553849 0.5062665290000049 -2.2391621548034415 3.11140548248274 0.0
1.874264840093297 2.3509117150860144 0.43798956033802305 0.49954449993219513 -2.2386946488354167 3.115656036888429 0.0
1.8665688913127438 2.3517396254401386 0.4479805994939356 0.49165044409700803 -2.238230455609282 3.1207702589967528 0.0
1.8561529985886926 2.3525609256911055 0.4616859698186572 0.4816752272148404 -2.237771153951496 3.12755256647743 0.0
1.8374620671916297 2.3533749052643875 0.4882827438986199 0.466942510778062 -2.237334358402119 3.1394253127936342 0.0
1.8752684502166144 2.3543459598945757 0.47562981630965023 0.5340198969681209 -2.237289453540168 3.1166214944897987 0.0
1.8671628900148223 2.3551888996737556 0.4861309394175648 0.5257832974962978 -2.2369566203884204 3.1219900246437935 0.0
1.8558235284536053 2.356048139871998 0.5010978096168366 0.5151216797700721 -2.236725023230984 3.129347736298521 0.0
1.8326330035762228 2.357041707762889 0.5356273362850801 0.49876221182357217 -2.2371123961351347 3.144029242770737 0.0
1.8532681266449864 2.357959215693146 0.5204974041729992 0.5264941987235934 -2.2370144394237057 3.1317218369740116 0.0
1.820430682833565 2.3590926968840322 0.5757554591502234 0.5103643048970601 -2.2380439202730096 3.1523887954235015 0.0
1.831368277459326 2.3599136535530802 0.5662962480366294 0.5229994328180955 -2.237627928997663 3.14601085425321 0.0
1.8485014704839586 2.3607679454252413 0.5527602946098937 0.5448251114139977 -2.2373394359457848 3.1358444468002635 0.0
1.83737656800448 2.363408892102465 0.688229412988493 0.6564745639869357 -2.244431693272474 3.1437750383527954 0.0
1.860941938305851 2.3634520590022374 0.6713081357645001 0.6884901657627003 -2.240854727920427 3.129547666663814 0.0
1.8392723147536523 2.3640275240449626 0.7019990931765436 0.6716318624455744 -2.239630117393195 3.143110338822935 0.0
1.8643507714628984 2.3647682399041856 0.6843099454920991 0.7062802857059673 -2.238923324004675 3.1280830498135157 0.0
1.845925059125662 2.3655918679935692 0.709524945231734 0.690869567644692 -2.2387413855106497 3.139747698977847 0.0
1.8889191976925093 2.3667552981802955 0.6942178507906934 0.7664635960899989 -2.2397200258159744 3.113890834423198 0.0
1.8821370845670875 2.367535909167448 0.7028154970087886 0.7592408128692012 -2.239343301241061 3.1184098956035293 0.0
1.873582675501091 2.3683187479545857 0.7136709812574681 0.750510382266274 -2.2390019770453065 3.124012377578402 0.0
1.861135224477965 2.369116783543433 0.729786382766509 0.7387571285653671 -2.2387565645245977 3.132002379260498 0.0
1.8298018196536716 2.3701231479097697 0.7781047498472388 0.7190551654951233 -2.2394495348821946 3.1516451898313402 0.0
1.841682736283727 2.3709032201665092 0.7676530432818369 0.7327483253100127 -2.2390731204226553 3.1446969684604817 0.0
1.8628652857424253 2.3717462746189546 0.7511620662857427 0.7603088020888636 -2.2389371548674886 3.1320839622649626 0.0
1.831450897626648 2.3727330680351346 0.7992786606773554 0.7402579856611339 -2.2395963987341343 3.1517678418394044 0.0
1.843302462097944 2.3735020043838033 0.7888117659187265 0.753885302699789 -2.2392232400357743 3.144835641360109 0.0
1.864387897888792 2.3743326737463466 0.7722491410416469 0.7811754584940194 -2.239086303871623 3.1322813518292656 0.0
1.8322602592469968 2.3753174707781253 0.8214501273287637 0.760718595730567 -2.2397854340190033 3.152396409551145 0.0
1.8437257996115681 2.376073430310165 0.8112513937309511 0.7738013862448269 -2.239408558463468 3.1456974843597445 0.0
1.8631303288500847 2.37687709673234 0.7955145201247134 0.7983273982197097 -2.2392159554796245 3.1341648730413114 0.0
1.8173397854674325 2.3781702493285097 0.8772525871535006 0.7815258373424473 -2.2412661944346137 3.16277592283608 0.0
1.82455709209245 2.3788966976624493 0.870648452470116 0.789151714999065 -2.240826254363408 3.1586609157488086 0.0
1.833003622376677 2.379621929455965 0.8629412961863216 0.7982972816143058 -2.240395431334741 3.153797571259303 0.0
1.8436842241087923 2.380349383560223 0.8533196307559684 0.8102978355754604 -2.2399840179730646 3.147573470683013 0.0
1.8601820720026638 2.381096761630601 0.8392770480968353 0.8303103156867543 -2.239651407584264 3.1378065420587538 0.0
1.9023036435764156 2.383720678399296 0.9290565290079527 1.0106976965838546 -2.2468862670263094 3.11331454845269 0.0
1.8961204363327513 2.3843706866222147 0.9367055960020862 1.0039247460840945 -2.2462600845972593 3.1173989799456083 0.0
1.8886356057812483 2.384998490060302 0.9459202802876642 0.9959588986218906 -2.2455638236673865 3.122267805123133 0.0
1.8787262670535438 2.3855821964657435 0.9581449153469234 0.985854986502026 -2.2447098390017364 3.128600362109489 0.0
1.8620388182772856 2.3860088325053628 0.9794217197554794 0.9703906423006421 -2.2432431360399607 3.1390272957577996 0.0
1.9297515206961737 2.3803248672640716 1.0199057535775904 1.1549223150979737 -2.216335765658813 3.0970103284141555 0.0
1.9260054958795265 2.3811503134730043 1.0247120580287727 1.1504108712406829 -2.2164410921934974 3.099715347318797 0.0
1.9219716960580264 2.3819869928155453 1.02984125738104 1.1456173644977468 -2.2166150642097224 3.10259737917732 0.0
1.9175825598421827 2.3828395910894824 1.035372056393823 1.1404764095822444 -2.2168776006530813 3.1056988952973135 0.0
1.9127399282036166 2.383715338546256 1.041419600220039 1.1348938209073616 -2.2172594535498384 3.10908168156313 0.0
1.9072918352157797 2.384626274561324 1.0481637514938795 1.1287254243253775 -2.21781181485746 3.112841548394872 0.0
1.9009809684434986 2.3855947325501528 1.055912773029728 1.1217309365731727 -2.2186295482961635 3.117141073730192 0.0
1.8933081234791052 2.386669623115629 1.065275509834778 1.1134554154262082 -2.2199200394438634 3.1222966452335084 0.0
1.8830502814143708 2.387994355621613 1.0777900961789386 1.1028329479759924 -2.222289799230318 3.1290874259107455 0.0
1.8652242825509875 2.390401148232719 1.1002255257177642 1.0860479354529036 -2.229245062454992 3.1407301576538105 0.0
1.9132760614426099 2.4006506646785266 1.0726058412299553 1.1611530907236707 -2.26871242409933 3.1130983437241655 0.0
1.9075413862653543 2.4010429784931353 1.0795579168868692 1.1547950282443906 -2.2672968530466426 3.1168148680995107 0.0
1.9007963088048563 2.401355894724923 1.087679109360586 1.147476030518391 -2.265576401597951 3.1211283501772376 0.0
1.8923635531194287 2.401519010012111 1.097793012088139 1.138583591815385 -2.263265874164368 3.1264404540294977 0.0
1.8803314754690201 2.401285908546568 1.1123188103544897 1.1264807293645105 -2.2593665974689157 3.13388253115183 0.0
1.85286811368107 2.3979827674200047 1.1485663581811751 1.1033458793004585 -2.243020029444799 3.1503821147840196 0.0
1.8676018804043562 2.3985724057336633 1.1348845036152895 1.1199931713737488 -2.24238857783863 3.141705639934496 0.0
1.919041786571638 2.398816138774114 1.1011642908722006 1.1951664017853325 -2.240255905529311 3.11093614047177 0.0
1.9135353898867455 2.3994771699437445 1.1078723699098036 1.1889709325167819 -2.2399720663306337 3.1146090595697 0.0
1.9071427992131065 2.400142551947827 1.1155990778113745 1.181917877883447 -2.2397252637641825 3.1188185890750995 0.0
1.899334786138362 2.400818911257451 1.1249785874644884 1.1735149597862315 -2.2395438251992807 3.123887368466689 0.0
1.8887727183317464 2.4015264731665917 1.1376596967520858 1.1625615196338281 -2.2395138741379785 3.130631873811273 0.0
1.8694234972614943 2.402397604795214 1.1616088673165554 1.1441858444981374 -2.2401940648245007 3.142734195693665 0.0
1.9115945662181584 2.403841246367209 1.1297353306647693 1.201341772464343 -2.2431274033353388 3.117314100442926 0.0
1.9043486996549097 2.404448831035944 1.1384182271771983 1.1934752738621281 -2.242721118181608 3.1220327276608635 0.0
1.8949746316693472 2.4050515985521543 1.1496121520354632 1.1836050342864044 -2.2423155212233805 3.1280476720944455 0.0
1.880231391015652 2.405648332948172 1.1674215784655457 1.1689462366953183 -2.2419115690149143 3.137344399288594 0.0
1.7982022583773676 2.406399237142952 1.3122053926776922 1.1390580973266846 -2.24227172561394 3.1885507631734376 0.0
1.8022624079135419 2.4070175905564777 1.308421293429239 1.1429785470069709 -2.2419107312283537 3.1862991703305945 0.0
1.8064769300826222 2.4076337338387197 1.3044795007131191 1.147069501169948 -2.2415570578348945 3.1839542647992647 0.0
1.8108697946558623 2.408247917269405 1.3003558691142418 1.151357762705345 -2.241211579257969 3.1815014547873197 0.0
1.8154715934168852 2.408860464696411 1.2960196607034569 1.1558776371397947 -2.2408754637087895 3.178922110966015 0.0
1.8203223863436724 2.409471809753282 1.2914307457094452 1.1606741961356137 -2.2405503188524776 3.1761918293113958 0.0
1.8254763239753475 2.4100825574683036 1.2865350784650906 1.1658086015920055 -2.240238438955532 3.1732776091980135 0.0
1.8310096052103357 2.4106935961003884 1.2812569554302409 1.171367321255591 -2.239943254250783 3.1701329940876386 0.0
1.837035237853794 2.4113063178018233 1.275484763137836 1.1774793366220169 -2.2396702191464213 3.1666890560115304 0.0
1.8437332647937577 2.4119231052666903 1.2690420818178527 1.1843516826260168 -2.2394287749206927 3.1628359291777093 0.0
1.8514218425830835 2.412548587374818 1.2616206702239006 1.1923539922983017 -2.2392374251669196 3.158379373461613 0.0
1.8607633162871189 2.413193761854233 1.2525902904412074 1.2022678508290934 -2.239140444453464 3.1529148032704852 0.0
1.8736248408080036 2.4138968467467428 1.2402360040403644 1.2163603636071019 -2.239292680445792 3.1453010042197604 0.0
1.9020409662577553 2.415067044078287 1.214930168791562 1.250697021334565 -2.241366009200551 3.1281751368932973 0.0
1.887699084871214 2.415686117215256 1.231971920153756 1.2361674808185052 -2.2412443790601735 3.1372015431903137 0.0
1.8187921198495225 2.4175440155719667 1.3354571742613448 1.1923686633042612 -2.2463361120509115 3.17978518885882 0.0
1.8235156613320527 2.41809526866728 1.3309717271630623 1.1970281633591542 -2.245915477931328 3.177136518973363 0.0
1.8285190821357518 2.418643024260107 1.326201521441614 1.2019972158728467 -2.245495167891991 3.174319059329795 0.0
1.8338686998057607 2.419187191584897 1.3210800922839485 1.2073503587848617 -2.245074568647615 3.171292631233789 0.0
1.839660711805842 2.419727622485592 1.3155114733396878 1.2131962365716638 -2.2446527768362268 3.167998937159885 0.0
1.8460437549757895 2.420264064139087 1.3093482868971007 1.219703748057268 -2.2442283643779235 3.1643478776297873 0.0
1.8532688840773752 2.4207960495905714 1.3023437121971577 1.227160511056068 -2.2437988403115194 3.1601872394052224 0.0
1.861821636298635 2.4213225919650188 1.2940265149897203 1.236129389578874 -2.243359163725386 3.155222614334548 0.0
1.8728872932055656 2.4218410196494657 1.2832722510721795 1.2480118241570266 -2.2428961552753064 3.1487354069203226 0.0
1.8913169588493404 2.422338380790245 1.2657426136317846 1.268816827329405 -2.242348104793904 3.13778765580741 0.0
1.8081447874165772 2.4227807428426322 1.394359067388536 1.2201419317729976 -2.241730196028491 3.189348158538324 0.0
1.812115523704861 2.423327910492528 1.3906024772918641 1.2239970415060664 -2.2413989396546943 3.187129140524685 0.0
1.8162349458557818 2.423873321123768 1.3866926391226306 1.228014586916786 -2.2410752567060332 3.18482051150868 0.0
1.8205255350751988 2.424417231907284 1.382606592019519 1.2322193912590604 -2.2407600716387552 3.182408619166168 0.0
1.8250158078939296 2.424959974268402 1.3783152621539143 1.236643011306773 -2.2404546093775113 3.1798761418633346 0.0
1.829742828856797 2.4255019892119973 1.373780939695429 1.2413265670156446 -2.24016053821011 3.1772005599568813 0.0
1.834756236011554 2.4260438864835123 1.3689532506209143 1.2463252902912907 -2.239880209341738 3.1743517064743516 0.0
1.8401250537026241 2.42658654987679 1.363762367795012 1.2517162546358318 -2.239617083767318 3.1712876215148422 0.0
1.845950053309899 2.4271313398073513 1.3581067577375816 1.2576124688992436 -2.2393765543754176 3.167947030313347 0.0
1.8523883237577523 2.427680524988724 1.3518289882328443 1.2641910684059767 -2.239167700089162 3.1642343910324016 0.0
1.8597086501937539 2.428238342583008 1.3446617045399207 1.2717573848968513 -2.239007600186843 3.159986196134106 0.0
1.8684417607832524 2.428814216755471 1.3360830650408029 1.2809208694743202 -2.23893445511471 3.154879560087897 0.0
1.8799350954485576 2.429436769211689 1.3247956361443822 1.2932577885449852 -2.2390648286034485 3.148094827671333 0.0
1.9003445263164433 2.4302931729997552 1.3052107550358691 1.316319533091471 -2.2401649470215927 3.135891137832607 0.0
1.8595856754913331 2.431789220315018 1.356636644564524 1.2801074858031427 -2.2440033248304476 3.161110956301629 0.0
1.8678841285938759 2.432266762974005 1.3484861493784361 1.2887612665794554 -2.243579222083626 3.1562818824658856 0.0
1.8784595345967388 2.43273646214128 1.3380839618495584 1.3000086835415692 -2.2431328957501124 3.1500715256397713 0.0
1.8951497008450788 2.4331869211500936 1.321846282356353 1.318445667875796 -2.2426119300117446 3.1401498736088302 0.0
2.0167740619890995 2.4299644520781993 1.5446166290532009 1.80606759019313 -2.226715926019623 3.0702201363418222 0.0
2.0147309595281464 2.4304955603900864 1.5473425356549306 1.8033324068555914 -2.2264562421898924 3.07177477342532 0.0
2.0126425814256343 2.4310248391253326 1.5501125811070449 1.8005524031603812 -2.226204140009189 3.0733541358297947 0.0
2.010506088229873 2.4315524031563442 1.5529297785164609 1.7977245070171815 -2.2259599859240176 3.074959935285244 0.0
2.0083183301627168 2.43207837882176 1.555797468124547 1.794845311170864 -2.2257241957621137 3.0765940686640927 0.0
2.006075798040902 2.4326029059961134 1.5587193690383887 1.7919110199719948 -2.225497243392567 3.0782586472452795 0.0
2.0037745637892654 2.4331261406397386 1.5616996419204585 1.7889173848247268 -2.2252796713958687 3.079956032173235 0.0
2.0014102077242892 2.4336482579698684 1.5647429656057685 1.7858596252352477 -2.225072104333491 3.0816888777865685 0.0
1.9989777288369825 2.4341694564444682 1.5678546316090702 1.7827323313439707 -2.2248752654171255 3.0834601850560266 0.0
1.9964714329689008 2.434689962822959 1.5710406618899262 1.7795293423663125 -2.2246899976820496 3.0852733681614692 0.0
1.9938847918626643 2.435210038674599 1.5743079572473158 1.776243593270141 -2.2245172912136075 3.087132338368785 0.0
1.9912102632823356 2.4357299888629993 1.5776644866394347 1.7728669189673223 -2.2243583186345037 3.0890416110180112 0.0
1.9884390582568632 2.4362501727751456 1.5811195320658071 1.7693898007537976 -2.2242144820629615 3.0910064438807776 0.0
1.9855608352046883 2.436771019437372 1.584684010243078 1.7658010328212241 -2.2240874763125267 3.093033018863376 0.0
1.9825632908888506 2.4372930482564454 1.5883709025754094 1.762087275888119 -2.2239793755915467 3.095128684821013 0.0
1.9794316024385357 2.437816898106031 1.5921958413587036 1.7582324477134437 -2.223892755059001 3.0973022885088204 0.0
1.976147648684064 2.438343369148351 1.5961779273203431 1.754216871634894 -2.2238308655614647 3.099564635998769 0.0
1.9726888944744938 2.4388734847374303 1.6003409001478897 1.7500160551198565 -2.223797892210445 3.1019291531012985 0.0
1.9690267418919192 2.4394085862208437 1.60471486684426 1.7455988822334056 -2.223799350284601 3.1044128601532357 0.0
1.9651240023182652 2.4399504841392354 1.6093389489574013 1.740924838034274 -2.2238427165003145 3.107037864424685 0.0
1.960930844201497 2.440501711541629 1.6142655208289538 1.735939551344277 -2.2239384863678735 3.109833748335272 0.0
1.956377930331127 2.441065975071854 1.6195673764910576 1.7305672300588297 -2.2241020566097696 3.112841605702742 0.0
1.9513639562987317 2.4416490230975447 1.6253507186916967 1.7246968892719847 -2.224357347092267 3.1161213520911857 0.0
1.9457308546428684 2.4422604967825934 1.6317809398089804 1.7181548579813195 -2.2247445219978257 3.1197662229497114 0.0
1.9392078374902617 2.442918480188582 1.639140602113152 1.71064246171292 -2.225338965238205 3.1239353460951826 0.0
1.9312593347410838 2.4436633352307653 1.6479861852310869 1.7015655957817493 -2.226308966175926 3.1289416768847147 0.0
1.920522439934219 2.444618118492677 1.6597227397988077 1.6893973752715763 -2.2281675961941683 3.135573660527759 0.0
1.9007641969592475 2.4465955026380657 1.6806331410029665 1.666968150465171 -2.2343029177411755 3.1473383581342373 0.0
1.9378465199716526 2.4500422759792504 1.638942413956216 1.703132763377379 -2.246624070159299 3.123611967420156 0.0
1.929115354903961 2.4503799370291346 1.6484997371476897 1.6933050920166641 -2.245989322573445 3.129168324700217 0.0
1.9164217446516458 2.4506539946898633 1.6621027650291242 1.6791191414251683 -2.245103090767954 3.137163192987018 0.0
1.8815766870629895 2.4502943769352674 1.6972367204422971 1.6394750234227045 -2.241612578661726 3.159008381558245 0.0
1.8917653498582903 2.450736907131558 1.6865627236198486 1.6497584154789935 -2.241437526015361 3.152984519337778 0.0
1.9073563807988434 2.4512252380450414 1.6698845479005946 1.6655305247859502 -2.241465555890391 3.1436710440704916 0.0
2.0130220895804993 2.4552298887289012 1.537049257168407 1.7566385792670938 -2.2560767390759553 3.079378718027987 0.0
2.010589140038515 2.455613630771231 1.5400840580893682 1.7535951513066632 -2.255663475966484 3.081103321871092 0.0
2.0080852113895094 2.4559944605356785 1.543189955508993 1.7504797346334433 -2.2552500193739085 3.0828686087168147 0.0
2.0055041584565556 2.4563723325484004 1.5463734043935682 1.7472857655510685 -2.254836088062797 3.084678307479629 0.0
2.0028389041465813 2.456747190235077 1.5496418358803594 1.7440056834041557 -2.2544213555058503 3.0865367125807723 0.0
2.0000812308667024 2.45711896319179 1.5530038756057842 1.740630706711145 -2.2540054385458714 3.088448810828858 0.0
1.9972215081479379 2.4574875635415268 1.5564696287224993 1.7371505406559433 -2.253587882268884 3.0904204471646866 0.0
1.9942483309960477 2.457852880981465 1.5600510582029414 1.7335529884604834 -2.253168139453661 3.0924585448135917 0.0
1.991148030569069 2.458214775910904 1.5637624964934924 1.7298234251950901 -2.2527455420732703 3.0945714032743976 0.0
1.987903997684121 2.458573069669444 1.567621352555972 1.7259440697681232 -2.252319260834286 3.0967691104651567 0.0
1.9844957240050682 2.458927530289002 1.571649113436565 1.7218929522411694 -2.251888246150981 3.0990641271253883 0.0
1.980897403069378 2.4592778510276534 1.5758728046933648 1.7176424056822093 -2.251451139260464 3.101472139901784 0.0
1.9770758178091221 2.4596236167904175 1.5803271939983967 1.7131567864728312 -2.2510061332471674 3.104013350181401 0.0
1.9729870163687668 2.4599642491711053 1.5850582555278019 1.708388882752142 -2.250550745693375 3.106714503318141 0.0
1.9685708102206645 2.4602989113666047 1.5901288974441337 1.7032739618134123 -2.250081425516683 3.109612249297675 0.0
1.9637410723095337 2.4606263317526254 1.5956290472627284 1.697719256218608 -2.2495928238334932 3.1127590729755896 0.0
1.9583671674349645 2.4609444454091043 1.6016949201556747 1.6915837992293254 -2.249076313148018 3.1162346539750923 0.0
1.9522342529632182 2.4612495701360766 1.608550109981149 1.6846352033945735 -2.2485165852577285 3.120170176667279 0.0
1.9449438398817902 2.461534142714519 1.6166081466035775 1.67644101037479 -2.2478823093880016 3.124809300230062 0.0
1.9355941006466912 2.4617784434008314 1.626800305585325 1.6660174401450205 -2.2470919994069636 3.130704541205337 0.0
1.9211292948186245 2.461897532592682 1.6422475600253692 1.649995637294775 -2.245795275839609 3.1397347536716316 0.0
1.843625811205383 2.4572698930158183 1.7159374001042396 1.5585829085757839 -2.2249544448887817 3.188494644643569 0.0
1.847701788451539 2.457706878277027 1.711852086336769 1.5626185162571808 -2.224935964411769 3.1861103442957885 0.0
1.8519646204258942 2.458148365160082 1.7075663512107484 1.5668500747861596 -2.2249479205716813 3.183611612713866 0.0
1.8564473629113112 2.4585958391393445 1.7030444962539955 1.5713122617772648 -2.2249965173888895 3.180978006885147 0.0
1.8611937198210193 2.459051344740786 1.6982392797535335 1.5760508993588696 -2.2250903165900757 3.1781824825468923 0.0
1.866263481519794 2.4595178124998758 1.6930860019100453 1.5811286301443384 -2.2252416127804198 3.17518801607452 0.0
1.871742096755499 2.4599996662392374 1.6874920799946134 1.5866348936848802 -2.2254689857325953 3.1719416543279397 0.0
1.8777589474997314 2.4605040582054407 1.6813171115691523 1.5927049398122484 -2.22580248738535 3.1683631445143554 0.0
1.8845262776788525 2.461043710336492 1.6743303127625184 1.5995602338044317 -2.2262955637941877 3.1643206867895883 0.0
1.8924361597760615 2.46164472137132 1.6661041804630146 1.6076087551394183 -2.227057783619007 3.1595704461371437 0.0
1.9023691613791354 2.462375058213914 1.6556743847917967 1.6177625016523685 -2.2283741536058463 3.1535635617983777 0.0
1.9172503296721275 2.4635254516507996 1.6398086695893856 1.633019452187444 -2.2314616991705325 3.144468801569365 0.0
1.9778281503401802 2.4770874929315543 1.569895239753139 1.6911157153237848 -2.286359920670942 3.1058170472367226 0.0
1.9734716875325307 2.477167768713484 1.5748260799198144 1.6861527128764031 -2.2851128658119157 3.1086247091076986 0.0
1.9687235362343878 2.4772103826538645 1.5801604187109264 1.680778513200432 -2.283722950351737 3.1116692142926956 0.0
1.963465702956297 2.4772011731584276 1.586020388248048 1.6748675251711307 -2.2821331290885367 3.115023427382344 0.0
1.9575086942839885 2.4771154416539014 1.592601800297648 1.6682176669397184 -2.280243951121855 3.118804847615473 0.0
1.9505139073633038 2.476904148350517 1.6002536480447764 1.660466904234963 -2.277857967188551 3.1232245978846827 0.0
1.9417646283505905 2.476447122511534 1.60971135951494 1.6508459131994186 -2.2744911832334123 3.128733290541296 0.0
1.9291858953766834 2.4753013917327937 1.6230833088705123 1.6371105514242077 -2.2683579451304023 3.1366562000559526 0.0
1.8998846376939513 2.4676307534616018 1.6527369757284964 1.6047873064118465 -2.235874737596903 3.155865685961226 0.0
1.911957996540758 2.4682092391026766 1.6399938779251901 1.6171681909055542 -2.236638325164494 3.1486324230241842 0.0
1.9364619712457385 2.469471863899325 1.6134697266940092 1.6422523087300482 -2.2402556111571585 3.133796306150878 0.0
