-0.006380000000000055 -0.41000000000000003 -0.7720100000000001
0.0016448101996462358 -0.4078298944100793 -0.7667820985806038
0.009635034384359918 -0.4056750191800079 -0.7615862600164093
0.017590251894578898 -0.40353398359333637 -0.7564195414196341
0.025510077889212477 -0.4014056820057326 -0.751279530258286
0.033394161241838374 -0.39928918839864724 -0.7461641780399789
0.041242192822750275 -0.39718369095463907 -0.7410717076812076
0.04905392273872991 -0.39508845330600995 -0.7360005715586213
0.05682918488667785 -0.3930027958552212 -0.730949446926491
0.06456792598491806 -0.39092609346306617 -0.7259172582552962
0.07227023448470682 -0.38885778625128253 -0.7209032148825721
0.07993636314119835 -0.3867973991055767 -0.7159068494828538
0.08756673854326161 -0.3847445636841188 -0.7109280409837708
0.09516195247657663 -0.3826990356522636 -0.7059670074667783
0.1027227337841905 -0.38066070070018304 -0.7010242616537242
0.11024990433553543 -0.3786295660010647 -0.696100532316519
0.11774432685792363 -0.3766057381542499 -0.6911966651992296
0.12520685395761444 -0.37458939247020623 -0.6863135223254777
0.13263828619359969 -0.372580740143988 -0.6814518969765921
0.14003934358675302 -0.37057999912137884 -0.6766124548573231
0.1474106511484222 -0.36858737217232074 -0.6717957037609473
0.1547527362354979 -0.36660303314348136 -0.6670019876858688
0.16206603425764077 -0.36462712048716195 -0.6622314982293385
0.1693508992303353 -0.3626597362458795 -0.6574842958111895
0.1766076163429645 -0.3607009485361301 -0.6527603346868304
0.18383641460398586 -0.3587507958851059 -0.6480594876594472
0.19103747843410013 -0.35680929223734553 -0.6433815681836573
0.1982109576833031 -0.3548764318883876 -0.6387263488760938
0.20535697594021332 -0.35295219394306604 -0.6340935762895491
0.21247563722504526 -0.35103654612900365 -0.6294829822651269
0.21956703126280794 -0.3491294479364663 -0.6248942923739437
0.22663123756700168 -0.34723085313224467 -0.620327232002138
0.23366832855762754 -0.3453407117291071 -0.6157815305934033
0.24067837191246177 -0.3434589715013667 -0.6112569244895348
0.24766143231921464 -0.34158557913295345 -0.606753158727786
0.2546175727652501 -0.3397204810743209 -0.6022699880771837
0.26154685547334444 -0.33786362417240173 -0.5978071775309379
0.2684493425687575 -0.3360149561257936 -0.5933645024182483
0.2753250965434672 -0.33417442580726553 -0.5889417482566291
0.2821741805680426 -0.3323419834862032 -0.5845387104339929
0.28899665868997365 -0.3305175809768063 -0.5801551937844142
0.295792595947526 -0.328701171731644 -0.575791012103822
0.3025620584214376 -0.3268927108958071 -0.5714459876376965
0.3093051132410623 -0.3250921553330816 -0.5671199505634266
0.3160218285575115 -0.3232994636331047 -0.5628127384823087
0.3227122734931228 -0.3215145961059054 -0.5585241959311235
0.32937651807414287 -0.31973751476907764 -0.5542541739198169
0.3360146331518742 -0.3179681833312934 -0.5500025294984794
0.34262669031581244 -0.31620656717500495 -0.5457691253558514
0.34921276180162464 -0.3144526333406023 -0.5415538294496307
0.35577292039565134 -0.31270635051358225 -0.5373565146684757
0.36230723933743303 -0.31096768901616356 -0.5331770585251342
0.3688157922207149 -0.309236620804324 -0.5290153428793235
0.3752986528936395 -0.30751311947102167 -0.5248712536896796
0.3817558953581164 -0.3057971602564825 -0.5207446807933918
0.38818759366820027 -0.3040887200661172 -0.5166355177124796
0.3945938218274036 -0.30238777749670465 -0.5125436614860616
0.4009746536842666 -0.30069431287150417 -0.5084690125277681
0.40733016282577356 -0.29900830828501 -0.5044114745078061
0.4136604224677485 -0.29732974765798326 -0.5003709542599015
0.41996550534152677 -0.29565861680369926 -0.49634736171269694
0.42624548357575176 -0.29399490350634017 -0.4923406098469104
0.4325004285723743 -0.29233859761254494 -0.48835061467859936
0.43873041087536147 -0.29068969113746684 -0.48437729527050283
0.4449355000307659 -0.28904817838679475 -0.48042057377326686
0.45111576443645346 -0.287414056096318 -0.4764803754994676
0.45727127117962485 -0.28578732359124753 -0.4725566290339486
0.46340208585981235 -0.28416798296744616 -0.46864926638511495
0.46950827239491577 -0.2825560392973352 -0.46475822318276133
0.4755898928073294 -0.2809515008639256 -0.46088343893006034
0.48164700698677065 -0.27935437942653685 -0.45702485731825865
0.48767967242583066 -0.2777646905230425 -0.45318242661591496
0.49368794392361093 -0.2761824538141826 -0.4493561001465132
0.49967187325209883 -0.27460769347652025 -0.4455458368724575
0.5056315087788112 -0.2730404386525191 -0.4417516021079274
0.5115668950383889 -0.2714807239678232 -0.43797336838886763
0.5174780722441481 -0.26992859012866666 -0.43421111653660854
0.5233650757291658 -0.26838408461566465 -0.43046483696131044
0.5292279353046297 -0.26684726249529006 -0.42673453126506
0.5350666745208668 -0.2653181873764302 -0.4230202142225329
0.5408813098134853 -0.26379693254957104 -0.41932191624108206
0.5466718495145977 -0.26228358235882193 -0.4156396864354545
0.5524382927047917 -0.26077823387749965 -0.4119735964971675
0.5581806278777236 -0.2592809989870139 -0.4083237456034637
0.5638988313847676 -0.257792007004132 -0.4046902667002041
0.569592865621948 -0.25631140807110697 -0.4010733346248439
0.5752626769171846 -0.25483937763343567 -0.3974731767282055
0.580908193071981 -0.253376122507171 -0.3938900869444071
0.5865293205115081 -0.2519218893305012 -0.3903244447070625
0.5921259410023629 -0.2504769766870537 -0.38677674082224545
0.5976979079179665 -0.24904175304404425 -0.38324761357698645
0.6032450420812154 -0.24761668417560273 -0.3797379003533604
0.6087671273324105 -0.24620237657388944 -0.37624871355694445
0.6142639062464244 -0.2447996488325905 -0.37278155628897347
0.6197350770979936 -0.24340965418006946 -0.3693385063256422
0.6251802949351141 -0.24203410175508006 -0.3659225249261675
0.6305991846386099 -0.24067568210803603 -0.3625380118159388
0.6359913898246365 -0.23933895517993384 -0.3591918949588198
0.6413567402232108 -0.23803242345081188 -0.3558960398185799
0.6466958843998092 -0.23677423051666438 -0.3526735448090478
0.6520133526509241 -0.23561245184665408 -0.349580019241558
0.6573424883817195 -0.23474215642671772 -0.34681849994050085
0.6639432565360361 -0.2375133933711224 -0.3471951280175316
0.6694310653641065 -0.2364775723888263 -0.34395180642578566
0.6750794529970615 -0.235921284822956 -0.34128940919105993
0.6608618778270668 -0.2607866765733515 -0.339490055921679
0.6661696715702934 -0.25927565679369347 -0.33611249338433563
0.6714540270117678 -0.25777407793499196 -0.33274826698634313
0.6767145667181367 -0.2562825141880787 -0.3293972893528813
0.681950777744007 -0.2548017228673918 -0.3260594822995794
0.6871619536222486 -0.2533327253133837 -0.3227347863061663
0.6923471023939618 -0.25187693753961105 -0.31942317889295924
0.697504794228754 -0.2504363920956101 -0.31612471159649386
0.7026328952050964 -0.24901413908082723 -0.312839588412626
0.7077280710976955 -0.24761503097203572 -0.30956834485804
0.7127847856251033 -0.2462474290059027 -0.30631230029060413
0.7177930718385613 -0.24492749855678816 -0.3030748776609635
0.7227330507690619 -0.24369269045380557 -0.2998663892154455
0.7275631732514898 -0.2426636907214496 -0.2967289951931722
0.7325236118851232 -0.2427627589782099 -0.2939887670031862
0.7369458704591733 -0.2428987726355104 -0.2913790480514614
0.7409842393706699 -0.24282351590843043 -0.2885236078100856
0.7446710878509331 -0.24323097228760004 -0.2856755615758662
0.7491887353253494 -0.24253405861337857 -0.282502383376711
0.7352252954052616 -0.3112027885364485 -0.2116538613090577
0.7402764644771747 -0.3094455885426435 -0.20881161548122829
0.7453077133753596 -0.30769546931690417 -0.20598093069729675
0.7503191182007792 -0.30595240002118335 -0.20316175061240904
0.7553107547699057 -0.3042163501299386 -0.2003540190762666
0.7602826986155163 -0.30248728941844305 -0.19755768012427727
0.7652350249876718 -0.3007651879506148 -0.19477267797053632
0.7701678088546744 -0.2990500160663943 -0.191998957002866
0.7750811249042173 -0.2973417443686554 -0.18923646177979467
0.7799750475444488 -0.2956403437096872 -0.18648513702960928
0.7848496509052206 -0.29394578517729336 -0.18374492765148337
0.7897050088392197 -0.2922580400805848 -0.18101577871868407
0.7945411949230933 -0.29057707993540793 -0.17829763548385144
0.7993582824585608 -0.28890287644960716 -0.1755904433863534
0.8041563444733724 -0.28723540150816557 -0.17289414806165954
0.808935453722119 -0.2855746271582483 -0.17020869535268165
0.8136956826869132 -0.2839205255943281 -0.16753403132304273
0.8184371035777952 -0.2822730691434935 -0.16487010227211973
0.8231597883329256 -0.28063223025104433 -0.16221685475179914
0.8278638086184993 -0.2789979814663911 -0.15957423558477574
0.8325492358283068 -0.27737029542962777 -0.15694219188427133
0.8372161410830108 -0.27574914485865365 -0.15432067107497127
0.8418645952290652 -0.2741345025371182 -0.1517096209149866
0.8464946688372829 -0.27252634130327363 -0.14910898951869103
0.8511064322010742 -0.27092463403986083 -0.1465187253801209
0.8556999553342961 -0.26932935366508975 -0.1439387773967723
0.860275307968842 -0.26774047312491756 -0.14136909489356744
0.8648325595519 -0.2661579653866359 -0.13880962764664556
0.8693717792429783 -0.26458180343383664 -0.1362603259068864
0.873893035910712 -0.2630119602629004 -0.1337211404227752
0.8783963981294877 -0.26144840888094906 -0.13119202246244913
0.8828819341759966 -0.25989112230531464 -0.12867292383468792
0.8873497120257166 -0.2583400735646754 -0.12616379690859675
0.8917997993494334 -0.2567952357015169 -0.12366459463180027
0.89623226350985 -0.2552565817762453 -0.12117527054694954
0.9006471715583498 -0.25372408487268117 -0.1186957788064523
0.905044590232009 -0.2521977181049043 -0.11622607418507021
0.9094245859508819 -0.2506774546253957 -0.11376611209052034
0.913787224815699 -0.24916326763436494 -0.11131584857183155
0.9181325726059265 -0.24765513039008416 -0.10887524032541444
0.9224606947783359 -0.24615301622019864 -0.10644424469880384
0.9267716564660977 -0.24465689853376837 -0.10402281969207224
0.9310655224784412 -0.2431667508339934 -0.10161092395693792
0.9353423573009197 -0.24168254673136863 -0.09920851679349237
0.9396022250962615 -0.2402042599572123 -0.09681555814475272
0.9438451897058945 -0.23873186437733168 -0.09443200858902087
0.9480713146520813 -0.2372653340057172 -0.09205782933016038
0.9522806631407011 -0.2358046430181 -0.08969298218590661
0.9564732980646578 -0.23434976576526062 -0.08733742957435264
0.9606492820078618 -0.23290067678586193 -0.08499113449874171
0.9648086772498214 -0.23145735081884844 -0.08265406053068639
0.9689515457707412 -0.2300197628151069 -0.08032617179202708
0.97307794925713 -0.22858788794840798 -0.0780074329354432
0.9771879491078453 -0.22716170162551727 -0.07569780912401719
0.9812816064405641 -0.22574117949540612 -0.07339726600987387
0.985358982098583 -0.22432629745743934 -0.07110576971216544
0.9894201366578735 -0.22291703166856597 -0.06882328679438252
0.9934651304344497 -0.2215133585494376 -0.06654978424135047
0.9974940234918558 -0.22011525478943123 -0.06428522943591371
1.0015068756487797 -0.21872269735061448 -0.062029590135533
1.0055037464867242 -0.2173356634705487 -0.05978283444891859
1.0094846953577463 -0.2159541306640365 -0.05754493081278929
1.0134497813920447 -0.214578076723827 -0.055315847968949214
1.0173990635055778 -0.2132074797202564 -0.05309555494170724
1.0213326004074763 -0.21184231799988504 -0.050884021015801445
1.0252504506072972 -0.21048257018323258 -0.048681215714917625
1.0291526724220443 -0.20912821516154884 -0.046487108780808944
1.0330393239829698 -0.20777923209279675 -0.04430167015318559
1.0369104632420822 -0.20643560039681919 -0.042124869950336125
1.040766147978365 -0.20509729974978003 -0.039956678450653926
1.0446064358036593 -0.20376431007797974 -0.03779706607491502
1.0484313841681472 -0.20243661155106182 -0.03564600336959256
1.0522410503656132 -0.20111418457467228 -0.033503460990976744
1.0560354915382437 -0.19979700978272036 -0.031369409690292296
1.059814764681042 -0.19848506802918647 -0.029243820299755224
1.063578926645948 -0.1971783403796563 -0.027126663719547223
1.0673280341454963 -0.19587680810251273 -0.025017910905817647
1.071062143756199 -0.19458045266003124 -0.02291753285949566
1.0747813119214877 -0.19328925569921246 -0.02082550061614105
1.0784855949543293 -0.19200319904257235 -0.018741785236617597
1.0821750490394748 -0.19072226467889491 -0.01666635779870171
1.0858497302354908 -0.18944643475398545 -0.014599189389464931
1.0895096944762193 -0.18817569156142627 -0.012540251098604974
1.0931549975721944 -0.18691001753346165 -0.010489514012477538
1.0967856952116488 -0.18564939523198132 -0.008446949208911037
1.1004018429612603 -0.18439380733968597 -0.006412527752773442
1.1040034962665848 -0.18314323665138582 -0.004386220692245174
1.1075907104524125 -0.18189766606554866 -0.0023679990557357866
1.111163540722686 -0.18065707857607816 -0.00035783384939941376
1.1147220421604307 -0.17942145726436556 0.0016443039447137098
1.1182662697273367 -0.17819078529151192 0.003638443369929259
1.121796278263254 -0.1769650458909593 0.005624613495755618
1.125312122485522 -0.17574422236135845 0.007602843418196767
1.1288138569881803 -0.1745282980597333 0.00957316225958163
1.1323015362410087 -0.1733172563949278 0.01153559916795506
1.1357752145885094 -0.17211108082145365 0.013490183316130083
1.1392349462488123 -0.1709097548335839 0.015436943900381236
1.1426807853124876 -0.16971326195976874 0.01737591013876108
1.1461127857413045 -0.1685215857573848 0.019307111269132593
1.1495310013668973 -0.1673347098077892 0.021230576546967972
1.1529354858895355 -0.1661526177117001 0.02314633524286583
1.1563262928766622 -0.16497529308483846 0.025054416639821622
1.159703475761627 -0.16380271955391795 0.02695485003035869
1.1630670878422509 -0.16263488075290564 0.028847664713433585
1.1664171822795242 -0.16147176031957486 0.030732889991219883
1.1697538120961979 -0.1603133418922991 0.03261055516571494
1.1730770301755158 -0.15915960910720467 0.03448068953528256
1.1763868892598652 -0.15801054559548006 0.036343322391036936
1.1796834419495352 -0.15686613498102558 0.03819848301317902
1.1829667407014635 -0.1557263608782787 0.040046200667274545
1.1862368378280275 -0.15459120689034475 0.041886504600437316
1.1894937854959085 -0.1534606566073033 0.043719424037502105
1.1927376357249841 -0.15233469360474258 0.045544988177156714
1.1959684403872466 -0.1512133014425389 0.047363226188079324
1.1991862512057814 -0.15009646366379564 0.04917416720502464
1.2023911197538408 -0.14898416379400606 0.05097784032496226
1.205583097453891 -0.1478763853403882 0.052774274603209714
1.2087622355767724 -0.14677311179142175 0.05456349904957962
1.2119285852408297 -0.14567432661651158 0.056345542624540626
1.2150821974112533 -0.14458001326587067 0.05812043423548574
1.2182231228992508 -0.1434901551705102 0.05988820273296787
1.221351412361393 -0.14240473574243268 0.06164887690703881
1.2244671162990721 -0.14132373837494136 0.06340248548365472
1.2275702850577583 -0.14024714644306002 0.06514905712106348
1.2306609688265941 -0.13917494330415653 0.06688862040638247
1.2337392176377788 -0.1381071122986403 0.06862120385215412
1.2368050813661522 -0.13704363675075693 0.07034683589302218
1.239858609728733 -0.13598449996960324 0.072065544882534
1.242899852284281 -0.1349296852501369 0.07377735908996169
1.2459288584329116 -0.1338791758743599 0.0754823066972326
1.24894567741573 -0.13283295511257742 0.07718041579600154
1.2519503583145004 -0.1317910062247553 0.07887171438478999
1.2549429500512683 -0.1307533124619734 0.08055623036623294
1.2579235013880763 -0.12971985706797895 0.08223399154446989
1.2608920609266607 -0.12869062328076308 0.08390502562255364
1.2638486771081383 -0.1276655943343 0.08556936020012562
1.266793398212739 -0.12664475346028148 0.08722702277103914
1.2697262723594607 -0.12562808388994706 0.08887804072121754
1.2726473475058906 -0.12461556885598765 0.0905224413266298
1.275556671447819 -0.12360719159447874 0.0921602517512914
1.278454291819004 -0.12260293534688241 0.09379149904550017
1.281340256090861 -0.12160278336209665 0.09541621014415247
1.2842146115722148 -0.12060671889853247 0.09703441186515317
1.2870774054089895 -0.11961472522623207 0.098646130908017
1.2899286845838458 -0.11862678562900658 0.10025139385253741
1.2927684959159516 -0.11764288340663714 0.10185022715764343
1.2955968860606113 -0.11666300187704515 0.10344265716028961
1.2984139015089473 -0.11568712437851511 0.10502871007458352
1.3012195885876112 -0.11471523427189377 0.10660841199092587
1.3040139934583335 -0.11374731494281909 0.1081817888753642
1.3067971621177032 -0.11278334980395144 0.10974886656902595
1.3095691403967245 -0.11182332229715705 0.11130967078765855
1.3123299739604875 -0.11086721589573273 0.11286422712131854
1.3150797083077754 -0.10991501410657428 0.11441256103412653
1.317818388770714 -0.1089667004723456 0.11595469786422125
1.320546060514395 -0.10802225857359196 0.11749066282369462
1.323262768536468 -0.10708167203086368 0.11902048099873405
1.3259685576667517 -0.10614492450677687 0.12054417734982885
1.328663472566928 -0.10521199970802043 0.12206177671205796
1.3313475577300815 -0.10428288138735099 0.12357330379551106
1.3340208574804213 -0.10335755334551844 0.12507878318574434
1.336683415972808 -0.10243599943314524 0.12657823934435447
1.339335277192458 -0.10151820355253985 0.1280716966096381
1.3419764849545601 -0.10060414965947624 0.12955917919730045
1.3446070829039876 -0.09969382176487088 0.13104071120123845
1.3472271145149373 -0.09878720393642541 0.13251631659440302
1.3498366230906236 -0.09788428030020778 0.13398601922970557
1.3524356517629827 -0.09698503504213299 0.13544984284099548
1.3550242434924147 -0.09608945240938824 0.13690781104406877
1.3576024410675227 -0.09519751671179764 0.13835994733774745
1.3601702871048442 -0.09430921232310416 0.13980627510494834
1.3627278240487097 -0.09342452368215756 0.1412468176138537
1.3652750941709904 -0.0925434352940569 0.14268159801906855
1.3678121395709555 -0.09166593173120613 0.1441106393628188
1.3703390021751556 -0.09079199763427132 0.14553396457615908
1.3728557237373182 -0.08992161771308577 0.14695159648024197
1.375362345838211 -0.08905477674749987 0.14836355778750188
1.3778589098856824 -0.08819145958809706 0.14976987110300266
1.3803454571145655 -0.08733165115689048 0.1511705589256084
1.3828220285867605 -0.08647533644791466 0.15256564364932496
1.385288665191162 -0.08562250052776935 0.15395514756451034
1.3877454076438767 -0.0847731285360534 0.15533909285918307
1.3901922964881954 -0.0839272056857859 0.1567175016202201
1.392629372094852 -0.0830847172637275 0.15809039583466053
1.395056674662095 -0.08224564863061326 0.1594577973908972
1.397474244215956 -0.08140998522138218 0.1608197280799046
1.3998821206104135 -0.0805777125452965 0.16217620959641876
1.402280343527706 -0.07974881618603397 0.16352726354013647
1.404668952478615 -0.07892328180169385 0.1648729114168529
1.4070479868027779 -0.07810109512477598 0.1662131746396122
1.4094174856690482 -0.07728224196210856 0.16754807452980947
1.4117774880758878 -0.07646670819468926 0.16887763231827357
1.4141280328517678 -0.07565447977753555 0.17020186914634144
1.41646915865557 -0.07484554273946112 0.1715208060668366
1.4188009039771146 -0.07403988318280595 0.17283446404513167
1.4211233071376226 -0.07323748728314673 0.17414286396009793
1.4234364062902178 -0.0724383412889542 0.17544602660501893
1.4257402394204781 -0.07164243152122782 0.17674397268855696
1.4280348443469997 -0.07084974437311287 0.17803672283559607
1.4303202587219674 -0.07006026630943837 0.1793242975881198
1.4325965200317499 -0.0692739838663014 0.18060671740602607
1.4348636655975748 -0.06849088365056523 0.18188400266791938
1.4371217325761376 -0.0677109523393653 0.18315617367190704
1.4393707579602673 -0.06693417667959878 0.18442325063628764
1.441610778579563 -0.06616054348737911 0.18568525370030625
1.4438418311011656 -0.06539003964748948 0.18694220292479516
1.446063952030379 -0.06462265211281386 0.18819411829287935
1.4482771777114916 -0.0638583679037573 0.18944101971055166
1.4504815443284205 -0.06309717410767773 0.19068292700731676
1.4526770879054773 -0.062339057878272625 0.19191985993673794
1.4548638443081723 -0.0615840064349685 0.1931518381770011
1.4570418492439359 -0.06083200706234489 0.19437888133144934
1.459211138262889 -0.060083047109502755 0.19560100892908655
1.461371746758663 -0.059337113989432894 0.19681824042505472
1.4635237099691476 -0.05859419517844555 0.19803059520110167
1.465667062977313 -0.05785427821551861 0.19923809256601258
1.4678018407120093 -0.057117350701696934 0.20044075175605097
1.4699280779487482 -0.05638340029948753 0.2016385919353471
1.472045809310527 -0.05565241473222754 0.20283163219629308
1.4741550692686596 -0.05492438178350589 0.20401989155990088
1.476255892143568 -0.054199289296538555 0.20520338897616786
1.4783483121055996 -0.05347712517359493 0.2063821433244092
1.4804323631758307 -0.05275787737539504 0.20755617341357607
1.4825080792269278 -0.05204153392052102 0.20872549798255435
1.4845754939839166 -0.05132808288485449 0.20989013570050802
1.486634641025044 -0.05061751240098941 0.21105010516709605
1.488685553782546 -0.04990981065769767 0.2122054249127832
1.490728265543489 -0.049204965899351846 0.21335611339910276
1.49276280945059 -0.04850296642539588 0.21450218901889234
1.4947892185030065 -0.04780380058979833 0.2156436700965359
1.4968075255571232 -0.04710745680054179 0.2167805748882082
1.4988177633274278 -0.046413923519081995 0.21791292158209596
1.50081996438723 -0.04572318925987444 0.2190407282985963
1.5028141611695147 -0.04503524258983649 0.22016401309055614
1.5048003859676913 -0.04435007212790419 0.2212827939434493
1.506778670936401 -0.04366766654450885 0.2223970887755772
1.5087490480923162 -0.0429880145611439 0.22350691543828133
1.510711549314889 -0.04231110494988358 0.22461229171609837
1.5126662063471277 -0.041636926532950216 0.22571323532696974
1.5146130507963758 -0.04096546818225996 0.22680976392239605
1.516552114135066 -0.040296718819004984 0.2279018950876212
1.5184834277014951 -0.03963066741322402 0.22898964634180308
1.5204070227005424 -0.03896730298340248 0.2300730351381829
1.5223229302044268 -0.03830661459605639 0.23115207886423855
1.524231181153473 -0.03764859136535771 0.2322267948418547
1.5261318063568028 -0.03699322245273487 0.233297200327495
1.5280248364930642 -0.03634049706650168 0.23436331251232545
1.5299103021111937 -0.03569040446151185 0.23542514852240326
1.5317882336311155 -0.035042933938768034 0.2364827254188156
1.5336586613443877 -0.034398074845103474 0.2375360601978457
1.5355216154150013 -0.03375581657282824 0.23858516979111616
1.5373771258800262 -0.033116148559394085 0.23963007106573608
1.5392252226502843 -0.03247906028708432 0.24067078082447652
1.5410659355110699 -0.03184454128267776 0.24170731580589006
1.5428992941228068 -0.031212581117146934 0.24273969268448978
1.5447253280217306 -0.030583169405378724 0.24376792807089231
1.5465440666205241 -0.029956295805853878 0.24479203851195902
1.5483555392090025 -0.02933195002035549 0.24581204049097272
1.5501597749548 -0.02871012179370666 0.24682795042775943
1.551956802903924 -0.028090800913496514 0.24783978467886392
1.5537466519814593 -0.027473977209797856 0.24884755953768606
1.5555293509922377 -0.026859640554911662 0.249851291234655
1.557304928621382 -0.02624778086311748 0.25085099593736737
1.5590734134349717 -0.0256383880904152 0.2518466897507603
1.5608348338806612 -0.0250314522342866 0.25283838871724146
1.5625892182882881 -0.024426963333448723 0.25382610881686907
1.5643365948704704 -0.02382491146764444 0.25480986596750427
1.566076991723225 -0.02322528675738067 0.2557896760249656
1.56781043682654 -0.022628079363726294 0.2567655547831833
1.5695369580449927 -0.022033279488080287 0.2577375179743926
1.5712565831282848 -0.02144087737197728 0.2587055812692587
1.5729693397118594 -0.020850863296862518 0.2596697602770498
1.5746752553174845 -0.020263227583891125 0.26063007054581255
1.576374357353796 -0.019677960593722482 0.2615865275625293
1.578066673116862 -0.019095052726335618 0.26253914675329226
1.5797522297907234 -0.018514494420834415 0.2634879434834545
1.5814310544479866 -0.017936276155252145 0.2644329330578149
1.5831031740503796 -0.017360388446356997 0.2653741307207873
1.5847686154492209 -0.016786821849490388 0.2663115516565625
1.5864274053860483 -0.016215566958374728 0.2672452109892808
1.588079570493086 -0.015646614404948633 0.26817512378321356
1.5897251372938086 -0.015079954859195999 0.269101305042925
1.591364132203454 -0.014515579028953632 0.2700237697134594
1.5929965815295433 -0.01395347765978841 0.2709425326805097
1.594622511472411 -0.013393641534799605 0.27185760877060194
1.5962419481257073 -0.012836061474465657 0.27276901275126264
1.597854917476882 -0.012280728336490451 0.2736767593311957
1.59946144540773 -0.011727633015667538 0.27458086316047436
1.60106155769488 -0.01117676644369879 0.27548133883071035
1.6026552800102813 -0.010628119589053811 0.2763782008752576
1.6042426379216657 -0.0100816834568416 0.2772714637693572
1.6058236568930944 -0.009537449088648578 0.2781611419303435
1.6073983622854315 -0.008995407562398666 0.2790472497178419
1.6089667793567786 -0.008455549992213623 0.279929801433916
1.6105289332629906 -0.007917867528286993 0.2808088113232776
1.6120848490581399 -0.007382351356744282 0.28168429357347535
1.6136345516949775 -0.006848992699497319 0.2825562623150595
1.6151780660254338 -0.006317782814123568 0.28342473162179194
1.616715416801029 -0.005788712993739717 0.2842897155108285
1.6182466286733925 -0.005261774566884522 0.2851512279429006
1.6197717261946571 -0.004736958897369831 0.2860092828225035
1.6212907338179434 -0.004214257384172138 0.2868638939980928
1.622803675897831 -0.0036936614613156254 0.28771507526226825
1.6243105766907706 -0.003175162597754591 0.2885628403519724
1.6258114603555347 -0.0026587522972503635 0.28940720294866573
1.6273063509536776 -0.0021444220982577006 0.29024817667853475
1.6287952724499701 -0.0016321635738095336 0.2910857751126831
1.6302782487128042 -0.001121968331422224 0.2919200117673
1.6317553035146595 -0.0006138280129681511 0.29275090010389165
1.6332264605325055 -0.00010773429458167672 0.2935784535294381
1.6346917433482804 0.0003963211134585948 0.2944026853966095
1.6361511754492342 0.0008983464668092384 0.2952236090039511
1.6376047802284341 0.0013983499871882688 0.29604123759607215
1.6390525809851226 0.0018963398624528005 0.29685558436384774
1.640494600925164 0.0023923242467026457 0.2976666624446147
1.641930863161426 0.00288631126039178 0.2984744849223625
1.6433613907142648 0.0033783089903886288 0.2992790648279315
1.644786206511843 0.0038683254900861858 0.3000804151391948
1.6462053333905762 0.004356368779488057 0.3008785487812778
1.647618794095575 0.004842446845287771 0.30167347862674154
1.6490266112809788 0.005326567640958471 0.3024652174957629
1.6504288075104008 0.005808739086822917 0.3032537781563685
1.6518254052572927 0.006288969070149211 0.3040391733245934
1.6532164269053653 0.0067672654452124725 0.30482141566469956
1.6546018947489873 0.007243636033367806 0.3056005177893669
1.6559818309935683 0.00771808862313049 0.30637649225988844
1.6573562577558956 0.008190630970242807 0.307149351586373
1.6587251970646297 0.008661270797735404 0.3079191082279451
1.6600886708605698 0.009130015795981467 0.3086857745929339
1.6614467009971003 0.009596873622769522 0.3094493630390726
1.6627993092405957 0.01006185190335701 0.31020988587370657
1.6641465172707193 0.010524958230531754 0.3109673553539871
1.6654883466808652 0.01098620016464489 0.31172178368705744
1.6668248189784958 0.011445585233661765 0.3124731830302804
1.6681559555855499 0.011903120933220636 0.31322156549140745
1.6694817778387634 0.012358814726658882 0.31396694312879214
1.6708023069900695 0.012812674045047809 0.3147093279515988
1.672117564206954 0.013264706287246242 0.31544873191999445
1.673427570572822 0.013714918819906524 0.3161851669453516
1.6747323470873623 0.014163318977511281 0.3169186448904371
1.6760319146669032 0.014609914062385439 0.3176491775696371
1.6773262941447558 0.015054711344726426 0.31837677674913256
1.6786155062715995 0.01549771806261277 0.31910145414713087
1.6798995717158005 0.015938941421999496 0.3198232214340396
1.6811785110637818 0.016378388596738333 0.3205420902326913
1.6824523448204023 0.01681606672856524 0.3212580721185311
1.6837210934092095 0.017251982927097564 0.3219711786198345
1.6849847771728939 0.01768614426982444 0.3226814212179079
1.686243416373579 0.018118557802086578 0.32338881134728975
1.687497031193148 0.018549230537052708 0.32409336039595193
1.6887456417335975 0.018978169455694277 0.32479507970552
1.6899892680173907 0.019405381506750342 0.32549398057147005
1.6912279299877684 0.019830873606691203 0.32619007424332613
1.6924616475090932 0.020254652639660836 0.3268833719248997
1.6936904403671775 0.02067672545743194 0.3275738847744608
1.6949143282695749 0.021097098879351364 0.3282616239049746
1.6961333308459494 0.021515779692261178 0.32894660038429346
1.6973474676483793 0.02193277465043248 0.32962882523537573
1.6985567581516803 0.02234809047548593 0.33030830943649125
1.6997612217537146 0.022761733856301203 0.33098506392143945
1.7009608777756857 0.023173711448909354 0.33165909957975526
1.7021557454624903 0.023584029876414482 0.33233042725692424
1.7033458439829832 0.023992695728860605 0.33299905775459004
1.7045311924303033 0.02439971556311514 0.3336650018307731
1.7057118098221666 0.024805095902743365 0.3343282702000925
1.7068877151011739 0.02520884323787121 0.3349888735339507
1.7080589271350812 0.025610964025039797 0.33564682246078226
1.7092254647170935 0.0260114646870407 0.33630212756625244
1.7103873465661699 0.026410351612748302 0.3369547993934655
1.7115445913272906 0.0268076311569682 0.3376048484431892
1.7126972175717206 0.027203309640228157 0.3382522851740645
1.7138452437972895 0.027597393348589974 0.3388971200028188
1.714988688428697 0.027989888533454285 0.33953936330448514
1.7161275698177045 0.0283808014113361 0.3401790254126048
1.7172619062434546 0.02877013816364444 0.34081611661945105
1.7183917159126834 0.02915790493644741 0.34145064717623125
1.719517016959982 0.029544107840215633 0.34208262729330324
1.7206378274480347 0.029928752949588005 0.34271206714037733
1.7217541653678767 0.030311846303081102 0.34333897684671677
1.7228660486390786 0.03069339390283095 0.3439633665013568
1.7239734951099657 0.03107340171430255 0.34458524615329267
1.7250765225579097 0.031451875665978915 0.34520462581167666
1.7261751486894195 0.0318288216490662 0.34582151544601913
1.7272693911404553 0.032204245517183525 0.346435924986379
1.7283592674765347 0.03257815308600838 0.34704786432352713
1.7294447951929337 0.032950550132970394 0.34765734330914877
1.7305259917148892 0.03332144239688503 0.348264371756003
1.7316028743977288 0.03369083557760349 0.3488689594380854
1.7326754605270622 0.03405873533566181 0.3494711160908003
1.7337437673188651 0.03442514729189482 0.3500708514110808
1.734807811919656 0.03479007702706599 0.3506681750575465
1.7358676114066416 0.035153530081489796 0.35126309665062294
1.7369231827877438 0.035515511954629306 0.35185562577265506
1.7379745430017919 0.03587602810472171 0.3524457719680149
1.7390217089185285 0.03623508394836632 0.35303354474315407
1.7400646973387506 0.03659268486012868 0.35361895356671214
1.7411035249943165 0.03694883617215077 0.35420200786953304
1.7421382085482198 0.03730354317373701 0.35478271704470526
1.7431687645945937 0.03765681111097271 0.35536109044757314
1.7441952096587374 0.03800864518631097 0.3559371373956935
1.7452175601971338 0.03835905055820208 0.35651086716881514
1.7462358325974168 0.038708032340695545 0.357082289008784
1.7472500431783442 0.03905559560307259 0.35765141211944235
1.7482602081897043 0.03940174536948097 0.35821824566648997
1.7492663438122942 0.039746486618579324 0.35878279877729247
1.7502684661578538 0.04008982428320511 0.35934508054066705
1.751266591268901 0.04043176325006669 0.3599051000066239
1.7522607351186212 0.04077230835941538 0.36046286618602785
1.753250913610745 0.041111464404791194 0.36101838805026076
1.7542371425793977 0.041449236132767346 0.36157167453079375
1.7552194377888464 0.04178562824269426 0.3621227345187023
1.756197814933351 0.04212064538654345 0.36267157686412316
1.757172289636923 0.042454292168705936 0.3632182103756469
1.7581428774530732 0.04278657314587085 0.36376264381962903
1.7591095938645624 0.04311749282693691 0.36430488591942445
1.7600724542830608 0.04344705567292392 0.364844945354543
1.7610314740488808 0.043775266096981826 0.3653828307597079
1.761986668430606 0.044102128464393424 0.36591855072382157
1.7629380526247478 0.04442764709262608 0.36645211378882125
1.7638856417553384 0.044751826251458744 0.36698352844845217
1.7648294508735547 0.045074670163098095 0.36751280314688245
1.76576949495725 0.04539618300238547 0.36803994627723363
1.7667057889105133 0.04571636889701909 0.3685649661799596
1.7676383475632005 0.04603523192780771 0.36908787114107183
1.7685671856703573 0.046352776128993946 0.3696086693902659
1.769492317911735 0.04666900548856221 0.3701273690988272
1.7704137588912234 0.046983923948617584 0.37064397837740454
1.7713315231362432 0.04729753540575239 0.3711585052736144
1.7722456250971037 0.047609843711450696 0.37167095776940484
1.773156079146316 0.04792085267246285 0.3721813437782685
1.774062899577948 0.04823056605121762 0.37268967114219026
1.774966100606845 0.04853898756616351 0.37319594762841574
1.7758656963678328 0.048846120892106486 0.3737001809258972
1.7767617009149133 0.04915196966048837 0.37420237864153183
1.7776541282203293 0.049456537459576455 0.3747025482960607
1.7785429921736808 0.0497598278345821 0.3752006973196893
1.779428306580816 0.05006184428761862 0.3756968330473165
1.7803100851628084 0.05036259027754477 0.3761909627134422
1.7811883415547283 0.050662069219590905 0.3766830934466046
1.7820630893043337 0.05096028448479649 0.3771732322634346
1.7829343418707264 0.051257239399150854 0.37766138606213584
1.7838021126226946 0.05155293724243731 0.3781475616154619
1.7846664148371532 0.051847381246725416 0.378631765563084
1.785527261697144 0.05214057459442259 0.37911400440321374
1.786384666289768 0.052432520415846166 0.37959428448353555
1.7872386416039454 0.052723221786257934 0.3800726119912087
1.788089200527659 0.05301268172222151 0.3805489929419067
1.7889363558450875 0.05330090317724057 0.38102343316775406
1.7897801202333046 0.05358788903657798 0.38149593830398965
1.7906205062584923 0.05387364211107838 0.38196651377415347
1.7914575263717016 0.054158165129918556 0.3824351647736205
1.7922911929039576 0.054441460732086486 0.3829018962512143
1.7931215180607356 0.054723531456432994 0.3833667128885735
1.7939485139155449 0.0550043797300753 0.3838296190769291
1.7947721924026592 0.05528400785489048 0.3842906188908727
1.7955925653086653 0.055562417991841424 0.38474971605859587
1.796409644262659 0.05583961214274737 0.38520691392793793
1.7972234407249048 0.056115592129102415 0.38566221542756707
1.7980339659737572 0.056390359567482014 0.38611562302231456
1.7988412310901474 0.0566639158408854 0.3865671386616621
1.7996452469396371 0.05693626206532823 0.38701676371987415
1.8004460241511695 0.05720739905077427 0.3874644989262409
1.8012435730921408 0.05747732725532523 0.3879103442833369
1.8020379038385386 0.05774604673125798 0.38835429897064
1.8028290261397888 0.05801355706131896 0.38879636123035893
1.8036169493761913 0.05827985728294032 0.3892365282313031
1.8044016825080458 0.05854494579783455 0.38967479590560894
1.8051832340137208 0.058808820263279174 0.3901111587515105
1.8059616118142177 0.05907147746065921 0.39054560959342033
1.8067368231805228 0.059332913135227004 0.39097813928779024
1.8075088746185939 0.059593121799178944 0.3914087363594968
1.8082777717257896 0.0598520964875644 0.3918373865481771
1.8090435190096925 0.06010982845261341 0.3922640722365933
1.809806119656812 0.06036630677683298 0.3926887717226036
1.8105655752342107 0.060621517877413864 0.39311145828057564
1.8113218852991784 0.06087544486297214 0.3935320989355942
1.8120750468812874 0.06112806668627637 0.39395065283872865
1.8128250537838626 0.0613793570099319 0.39436706907807534
1.8135718956241762 0.06162928265959408 0.3947812836748511
1.8143155564870994 0.061877801470541255 0.39519321537429597
1.8150560129908726 0.062124859217893194 0.3956027596057128
1.8157932314311225 0.06237038511977412 0.39600977957413996
1.8165271634267577 0.06261428503789236 0.39641409269455274
1.8172577390263032 0.06285643080511169 0.39681544913896394
1.8179848552892472 0.063096642707729 0.39721349634247777
1.8187083562999082 0.06333465912062511 0.3976077169491288
1.81942799569647 0.06357008017142105 0.39799731259730653
1.8201433599448504 0.06380225370084452 0.39838096619099006
1.820853691688793 0.06403001603429893 0.3987562949636347
1.8215574106739711 0.06425099908733803 0.3991183672976112
1.8222504549657204 0.06445927113722254 0.39945455733701096
1.8229178503681958 0.06463353415091654 0.3997180661472463
1.8235701358351373 0.06475963392844818 0.39987732375760204
1.824233019369336 0.06491050628728195 0.40008926258383737
1.825018903553215 0.06604752396529849 0.3994735415424552
1.8257146691591304 0.06634320914306382 0.39981502938031155
1.826407767502631 0.06668351163917965 0.4001076571220217
1.8271076763374865 0.0672432179803266 0.40016477831949215
1.8277682705731355 0.06825528203297629 0.39980565076034524
1.828449550599796 0.06860958092868381 0.4000797111079588
1.8291257967054326 0.06936342801695262 0.39995169396718916
1.8298164582058765 0.06984848888363218 0.40008897161165635
1.8304903595297255 0.07141269156280906 0.39913844145403765
1.8311726589318027 0.07167416248327219 0.39949487713091875
1.83185282966671 0.07195967615775613 0.39982445694981944
1.832530750830438 0.0723181954760435 0.40007755896020647
1.8331826065638044 0.07335747097021282 0.3996382990246633
1.8338427379559756 0.07367257665771043 0.3999298848255952
1.8344975523303897 0.07423083358325692 0.3999713593806961
1.8351609298215792 0.07519456319685097 0.399595704249216
1.8358129275724373 0.07551848302891657 0.3998702447315221
1.8364618262371557 0.07623349426999898 0.3997416398000828
1.8371229638468007 0.07669706746948551 0.39986776626538456
1.8377832656743065 0.07844524763592113 0.39866925510861495
1.8384362996841885 0.07867205321082178 0.39903325533816847
1.8390873163164467 0.07891583555222928 0.3993772605870364
1.839736556239048 0.07920242563915784 0.39967449731173976
1.8403820762522183 0.079696518864837 0.39975412986728465
1.8410376440621217 0.0810287288242634 0.3989604558746356
1.8416787336456557 0.08126854096906574 0.39929868050208994
1.842318548702394 0.08156278793166769 0.39957774189751083
1.8429554689674403 0.08220646095039363 0.3994893817823095
1.8435743730649816 0.08270977099071106 0.3995444450893227
1.8441961717307134 0.08380283938766032 0.39897800106948667
1.844812921287661 0.08405600361243362 0.39928967637157925
1.845425063029541 0.08444537424880412 0.3994556092428667
1.8461116520066363 0.08473297209156966 0.3997234133636395
1.8467418799872017 0.08532596253993671 0.39966609426841626
1.8473524166195427 0.08589162516325682 0.3996371347289215
1.8479605438934532 0.08653997567435984 0.3995172368437799
1.8485748245157374 0.08699072496816952 0.3996044728474448
1.849204900221517 0.08861896680892348 0.3984361017908753
1.8498126341048187 0.08880955990231926 0.39879485191172404
1.850418763893667 0.08902323754857483 0.3991266427093473
1.8510237874470263 0.08930639814373104 0.3993817943257265
1.8516164416720438 0.09027871738573406 0.3988957452864989
1.8522031048700247 0.09052190048119808 0.3991886075124017
1.8527857228996523 0.09100571656341645 0.39922042168484967
1.8533709227237025 0.0919725606913678 0.39872893480903504
1.853950578203174 0.09220824510126252 0.39902266044257095
1.8545262095880095 0.0926812735223321 0.3990575768767367
1.8551032987746008 0.09367583959644013 0.3985248094243959
1.8556762004680551 0.0938975961931605 0.3988264898086624
1.8562448412511936 0.09430950204585808 0.3989193317789071
1.8567819552166116 0.09616269411643993 0.3974386554771264
1.85735043216593 0.09631414231299916 0.3978099317865775
1.857915938967103 0.09647937320563466 0.3981639403253097
1.8584780441788973 0.09667632188929795 0.39848102467590085
1.8590360606893435 0.09699452459327938 0.3986630187767908
1.859587296610813 0.09854678952551145 0.39748802549171147
1.860152718693004 0.09868943017696286 0.3978579465077471
1.8607162386108715 0.09884681536637055 0.39820942552189165
1.8612777282944395 0.09903930774491597 0.3985199242736668
1.8618333713706474 0.09938062412171449 0.39866355266825204
1.863153604797909 0.10311502254590971 0.39502701207273094
1.863704578011734 0.1032180231707705 0.39543055781125724
1.8642536371323184 0.10332264459689301 0.39583023467005307
1.8648008771966373 0.10342954294970311 0.39622532280741785
1.8653464415404448 0.10353975000221105 0.3966146841935093
1.8658905669692856 0.1036550205310719 0.3969963747871931
1.8664336976102256 0.10377868955348697 0.39736668548587506
1.8669768439978451 0.1039182723600684 0.39771722451034247
1.867523242389127 0.10409657065100474 0.3980223875549831
1.8680966094547105 0.10445004241202659 0.3981265958007671
1.868163216485682 0.10633139405833633 0.39638929153878977
1.8686927092065315 0.10643697028729657 0.3967687218691559
1.8692196776079266 0.10655271201102699 0.397134430496647
1.869743178312454 0.10668922498043049 0.39747419434665254
1.8702581355388916 0.10688527890216731 0.3977432205326588
1.8706485327256328 0.10756482869263675 0.3974438172311727
1.8711595995241923 0.10779417420779888 0.3976732840562187
1.8717875125612768 0.10990756580728707 0.3957633676892305
1.8723044225198417 0.10999691527107555 0.39614789783488
1.8728198146811568 0.11009486903214973 0.39652065894144606
1.873334010785646 0.11020930437717663 0.3968726641362218
1.873847759410201 0.11036511963962495 0.3971754777370323
1.874363438057765 0.11073318519231162 0.3972336990655291
1.8748654250345178 0.11215373473020518 0.39608214934416
1.8753706541253776 0.11225246288906812 0.3964439639246431
1.875874717894276 0.11238001481873001 0.39677069331176706
1.8763776125544687 0.11261214515063739 0.39697509671015835
1.8764023379692432 0.11793727443771748 0.3912982156603829
1.876894122340225 0.1179759017685707 0.39172147281258896
1.877383839251813 0.11801525230697585 0.3921420037876283
1.8778714804082024 0.11805550544747759 0.3925596061482443
1.8783570329143529 0.11809690208721482 0.39297400541841704
1.8788404772850364 0.11813977604443782 0.3933848182942463
1.8793217842002814 0.11818460822441848 0.3937914892157221
1.879800908900111 0.11823212640412595 0.3941931735117163
1.8802777807532185 0.1182835053870785 0.39458850298604614
1.8807522818352675 0.11834081678055539 0.3949750591022015
1.881224196480213 0.11840821523451392 0.3953479833724924
1.881693065391255 0.11849593863830699 0.39569529036346507
1.8821575876843666 0.11864125955259176 0.3959733090982649
1.8826105438760408 0.11927172199238356 0.39568012414789555
1.8830877316481853 0.11946431675364577 0.3958987261624233
1.8833829350322246 0.12318072148679175 0.39195843953265697
1.8838464756998958 0.12320235029617434 0.39237404481671523
1.8843079982779063 0.12322578476111244 0.3927857275495039
1.8847674736421778 0.1232516318874346 0.39319277166654565
1.8852248576646975 0.1232808454199549 0.39359404801046627
1.8856800814813532 0.12331504501708217 0.39398763413694166
1.8861330325927308 0.1233573017516272 0.3943698786822587
1.8865835164492764 0.12341451245514616 0.3947325733638696
1.8870312009944332 0.1235075068604638 0.39505091562355266
1.887476861437526 0.12376136555428167 0.3951759593486268
1.8874143634814096 0.12908100674235543 0.38925719297033823
1.887862113834267 0.12907459058733012 0.3896887452677271
1.8883079758870236 0.1290690183413853 0.39011757757714915
1.8887519414444474 0.12906445203104425 0.39054350100352336
1.889193998045544 0.12906110783987043 0.39096626118735356
1.889634127165412 0.12905928287607987 0.39138550595875465
1.8900723013180951 0.12905940061079132 0.39180073042741603
1.8905084791230944 0.12906209296932764 0.39221117777305425
1.890942596291658 0.12906836088372767 0.3926156451996041
1.8913745475676729 0.12907992292685558 0.39301206253314214
1.8918041456511385 0.1291000905035933 0.3933964342264522
1.8922310085577 0.1291364962970203 0.39375954040351535
1.892654138783609 0.12921338531027732 0.39407207089237
1.8930689025979373 0.12950026718751334 0.39412886142852943
1.8935038955556154 0.13076622567491983 0.39299446704700897
1.8939250066095619 0.1307903938132337 0.39336542536811325
1.8943434973164837 0.13084548167397753 0.3936971183687923
1.894759603320181 0.13102241036558593 0.39387883678208335
1.8974823480674132 0.14248557490819944 0.38046226281829476
1.8978944695230735 0.14242068756991122 0.38093478777449263
1.898304969855137 0.14235621776553653 0.3814052221676726
1.8987138579283285 0.14229217763154 0.38187355737785583
1.8991211428458705 0.14222858106280584 0.38233978258570495
1.8995268339950242 0.14216544403568418 0.38280388437308116
1.8999309411028 0.1421027850085063 0.38326584622774196
1.900333474305047 0.14204062542284804 0.3837256479232788
1.9007344442328 0.1419789903375026 0.3841832647348046
1.9011338621215552 0.1419179092394114 0.38463866643549827
1.9015317399511071 0.14185741709409927 0.38509181599654124
1.9019280906271958 0.14179755572543168 0.3855426678791867
1.9023229282208993 0.14173837565617917 0.38599116575590386
1.9027162682898466 0.14167993860640177 0.38643723941642616
1.9031081283174738 0.14162232095186772 0.38688080048396767
1.9034985283273622 0.14156561861950404 0.3873217363500229
1.903887491764701 0.14150995419672482 0.38775990136391536
1.9042750467993919 0.14145548756740872 0.3881951036482263
1.9046612283213338 0.14140243238904607 0.38862708466681345
1.9050460811269665 0.1413510827028669 0.38905548621602887
1.9054296652763965 0.1413018581305736 0.3894797943369331
1.9058120656932713 0.141255385586471 0.3898992378640399
1.9061934108365146 0.14121265922752127 0.3903125897196919
1.9065739131946828 0.14117538816515132 0.39071773463189274
1.9069539715881851 0.14114687061781234 0.39111058128365705
1.90733449689031 0.14113472455807236 0.391481659049031
1.9077184632232236 0.141163222546608 0.39180070283375057
1.9081305037131495 0.14140248339803269 0.39185372979233957
1.9083927895392303 0.1423362246797078 0.39101254274610686
1.9087639985658948 0.14232833146163354 0.39137135128207196
1.909133775122604 0.14238521730859338 0.3916469230974269
1.9094491167129097 0.14323012225652837 0.3909250909093592
1.9098051051791731 0.1432289261710949 0.39127121086475763
1.910157455930405 0.14332773219245848 0.3914896026120116
1.9111268842570972 0.15138590559314857 0.3815615577943926
1.9114844152481458 0.15128642287256439 0.38202795704276604
1.9118405516604886 0.15118761966502806 0.38249212239823865
1.9121953025375615 0.15108952652026325 0.38295401985444943
1.9125486773746376 0.15099217998117734 0.38341360763687127
1.9129006862181845 0.15089562415145497 0.3838708341767523
1.9132513397933029 0.1507999128085346 0.38432563538007225
1.9136006496687534 0.1507051123054005 0.38477793087690976
1.9139486284743272 0.1506113056410173 0.3852276187601342
1.9142952901915495 0.15051859831021697 0.38567456802385364
1.9146406505492113 0.1504271269498393 0.38611860738725323
1.914984727572336 0.15033707254277373 0.386559508226319
1.9153275423589924 0.15024868138006386 0.3869969574765461
1.9156691202022909 0.15016229992897417 0.38743051255856775
1.9160094922371311 0.1500784362527271 0.3878595219781531
1.9163486978626572 0.14999787629129416 0.388282975000824
1.9166867881314114 0.14992192563806034 0.3886991890785206
1.9170238291749444 0.1498529804682114 0.3891050717169991
1.917359895837542 0.1497961481285996 0.3894940251848199
1.917694963901602 0.14976542533409348 0.38984795816552004
1.9180272009715522 0.14982580307496063 0.3900828401926696
1.917515424188283 0.1541135922031086 0.3848571133497405
1.9178423511573417 0.15400783032957716 0.3853043437843924
1.9181678106659104 0.1539035479185511 0.3857484191509142
1.9184917751222075 0.15380099138791922 0.3861890263006451
1.9188142047551668 0.15370050710549465 0.3866257228496431
1.9191350405274774 0.15360260241364937 0.38705785819295013
1.9194541908974476 0.15350806089554853 0.3874844242266418
1.9197715046123196 0.15341818130333176 0.387903745694127
1.9200867069884981 0.15333533930316653 0.3883127514578829
1.920399219298695 0.1532645713238513 0.38870491700508225
1.92070746071639 0.1532195408235444 0.3890624963177618
1.9210038044243647 0.15326200727535674 0.38930486240566525
1.920586735466423 0.15574440206940476 0.38605115559585235
1.9209063005030333 0.15563702351526484 0.3864861934956051
1.9212245114572313 0.15553273923380828 0.38691588076524785
1.9215412796945885 0.15543266497365038 0.38733870953045635
1.9218564037731436 0.15533879143041368 0.38775198290881396
1.9221693628906074 0.1552551742903521 0.3881501918444639
1.9224784485245445 0.15519204313721538 0.38851938627712795
1.9227744856885292 0.15518811853716571 0.3888062757200079
1.9228147127700133 0.15567247308706497 0.3883659767737405
1.9231134562048262 0.15565038526722388 0.3886812920731727
